Axis1,Axis2,Axis3,Axis4,Axis5,Axis6,Time,Label
-1.98022461,-1.05273438,-1.95703125,249.16030884,247.54199219,-245.81678772,1437634171.509256,1
-1.68237305,-1.05786133,-1.95483399,248.07633973,248.1374054,-243.78625489,1437634171.539870,1
-1.98046875,-1.93994141,-1.95532227,247.38931275,-249.70993042,-247.19084168,1437634171.600878,1
-1.67993165,-1.05078125,-1.96191407,244.80915833,-219.03816224,-247.19084168,1437634171.660972,1
-1.68164063,-1.05249024,-1.96118165,-219.08396912,-248.80915833,248.90075684,1437634171.718946,1
-1.67895508,-1.05590821,-1.95385743,248.51908875,-247.75572205,-246.58015442,1437634171.748668,1
-1.68261719,-1.05273438,-1.95605469,250.06106568,247.05343628,-244.79389954,1437634171.778732,1
-1.68310547,-1.0546875,-1.95800782,249.16030884,-249.3740387,-245.22137452,1437634171.809974,1
-1.68603516,-1.0522461,-1.9572754,-246.51908875,-249.32824708,-249.08396912,1437634171.841942,1
-1.6850586,-1.05395508,-1.96313477,247.87786866,-245.6335907,-242.33587647,1437634171.902066,1
-1.97998047,-1.05029297,-1.96337891,-248.70228577,-218.94656373,-249.08396912,1437634171.961121,1
-1.97998047,-1.05761719,-1.95800782,247.7709961,-248.97709656,-244.6412201,1437634172.020797,1
-1.68774415,-1.05615235,-1.95874024,249.25190735,-245.70993042,-246.97709656,1437634172.050978,1
-1.68139649,-1.04931641,-1.96142579,-218.90075684,249.32824708,240.88549805,1437634172.110935,1
-1.68310547,-1.05273438,-1.96386719,248.36640931,247.95419312,244.39694214,1437634172.140173,1
-1.68237305,-1.0510254,-1.9609375,246.5038147,-219.05343628,241.90840149,1437634172.170399,1
-1.68334961,-1.94042969,-1.95532227,-249.84733582,-245.61831666,245.83206177,1437634172.231468,1
-1.68554688,-1.04980469,-1.96679688,249.20610047,-249.60305787,-243.55725098,1437634172.261446,1
-1.6838379,-1.0456543,-1.95410157,247.93893433,249.5114441,247.72518921,1437634172.291157,1
-1.68994141,-1.04980469,-1.97729493,247.75572205,-249.22137452,246.870224,1437634172.350756,1
-1.68359375,-1.05249024,-1.96435547,-218.93130494,248.83969117,-219.48091126,1437634172.380410,1
-1.69262696,-1.04858399,-1.95800782,247.89312745,-250.07633973,240.58015442,1437634172.442442,1
-1.69213868,-1.05615235,-1.95947266,247.93893433,-246.68702698,245.38931275,1437634172.500472,1
-1.97998047,-1.05297852,-1.95800782,248.74809266,-246.38168335,241.81678772,1437634172.530638,1
-1.68530274,-1.04931641,-1.96215821,-248.48855591,-247.2671814,245.32824708,1437634172.620416,1
-1.69238282,-1.05615235,-1.95410157,245.29771424,247.64884949,243.93893433,1437634172.680134,1
-1.69482422,-1.05664063,-1.94750977,-248.42747498,-247.84733582,240.07633973,1437634172.683840,1
-1.69042969,-1.05761719,-1.99658204,-247.84733582,-247.6335907,242.03053284,1437634172.743550,1
-1.69555665,-1.05273438,-1.99731446,248.91603089,-248.6412201,246.41221619,1437634172.772683,1
-1.6994629,-1.05419922,-1.96240235,248.51908875,247.60305787,238.90075684,1437634172.800742,1
-1.70898438,-1.05175782,-1.95166016,249.25190735,-244.51908875,248.39694214,1437634172.830331,1
-1.69726563,-1.03442383,-1.95117188,247.57252503,249.49618531,-247.46565247,1437634172.891687,1
-1.69677735,-1.05981446,-1.96191407,249.2671814,-249.09924317,-219.43511963,1437634172.921257,1
-1.69238282,-1.05297852,-1.95947266,249.06869507,249.08396912,-243.61831666,1437634172.952615,1
-1.69726563,-1.04907227,-1.95776368,249.35877991,244.61068726,-246.93130494,1437634173.010358,1
-1.69458008,-1.04833985,-1.95385743,247.58778382,240.96183777,-249.98472596,1437634173.042544,1
-1.68066407,-1.0432129,-1.96606446,-249.1450348,247.35877991,243.17556763,1437634173.100728,1
-1.97998047,-1.05053711,-1.97241211,-244.65649415,-249.70993042,250.04580689,1437634173.132500,1
-1.69189454,-1.04248047,-1.96997071,-250.06106568,-249.92366028,-244.39694214,1437634173.190402,1
-1.98046875,-1.04199219,-1.9650879,250.01527405,-247.75572205,241.74046326,1437634173.250291,1
-1.69189454,-1.05078125,-1.96728516,-247.66412354,-248.21374512,247.34350586,1437634173.280440,1
-1.67480469,-1.05273438,-1.96069336,-248.24427796,-247.61831666,-245.11450196,1437634173.312508,1
-1.69018555,-1.04858399,-1.96142579,248.65649415,-249.29771424,238.71755982,1437634173.370423,1
-1.68554688,-1.04467774,-1.96728516,-247.70993042,-247.43511963,-249.98472596,1437634173.402706,1
-1.7097168,-1.04150391,1.99560547,-218.88549805,-219.12977601,-247.45037842,1437634173.462263,1
-1.69750977,-1.0703125,-1.85546875,241.2671814,233.31297303,-234.25953675,1437634173.492582,1
-1.21557618,-1.11132813,-1.59204102,-244.73281861,152.03053284,-241.06869507,1437634173.550359,1
-1.08422852,-0.69506836,-0.68945313,-90.79389191,-0.00763359,-107.19084168,1437634173.582651,1
-1.01806641,-1.29711915,1.74267579,249.48091126,-90.25954438,-186.01527405,1437634173.639655,1
-1.81640625,-1.92871094,-1.53173829,246.61068726,-157.49618531,-215.4045868,1437634173.672565,1
1.86694336,-1.03027344,-1.99194336,209.64884949,-179.96946717,231.31297303,1437634173.702263,1
1.69677735,-1.94604493,-1.88720704,-219.35877991,-202.54962159,215.2671814,1437634173.763787,1
-1.75488282,-1.05078125,-1.71435547,-248.33587647,-172.07633973,195.69465638,1437634173.792635,1
-1.72314454,-0.79052735,-1.68164063,-197.19084168,-138.09159852,-223.89312745,1437634173.882326,1
-1.41552735,-0.63842774,1.91137696,241.87786866,-120.16793824,101.05343628,1437634173.911767,1
-1.36523438,-0.87792969,1.6069336,194.90075684,-206.82443238,119.6335907,1437634173.941058,1
-0.50683594,-1.49243165,-1.87841797,120.36640931,-249.45037842,129.28244019,1437634173.972657,1
-0.55151368,-1.62329102,1.27563477,169.5114441,154.19847107,196.80915833,1437634174.030371,1
-0.67456055,-1.82495118,1.50732422,-105.74045563,18.22900773,243.31297303,1437634174.063262,1
-1.27807618,1.52832032,1.83520508,237.31297303,126.42748261,-219.03816224,1437634174.122665,1
1.8803711,-0.08105469,-1.95483399,-175.4045868,-182.35115052,-219.19084168,1437634174.182849,1
-0.02026368,-0.00006104,0.16430665,-203.29771424,238.54962159,-248.93130494,1437634174.211454,1
1.77319336,-0.3515625,-1.94506836,-108.5038147,247.46565247,-197.96946717,1437634174.243680,1
1.91210938,-1.98779297,1.75463868,240.03053284,-249.55725098,-185.31297303,1437634174.299849,1
1.95043946,-1.63012696,-1.93041993,-238.80915833,-245.43511963,-193.11450196,1437634174.360198,1
1.99560547,-1.45800782,-1.97070313,-240.44274903,-243.72518921,-225.22137452,1437634174.420188,1
-1.91088868,-1.35644532,-1.96899415,-248.76335145,-249.78625489,-217.66412354,1437634174.423985,1
-1.84399415,-1.18994141,-1.97949219,249.89312745,247.35877991,-231.3740387,1437634174.452607,1
-1.78881836,-1.15014649,-1.97558594,247.3740387,-247.95419312,249.29771424,1437634174.511289,1
-1.75463868,-1.12353516,-1.96362305,243.78625489,-247.19084168,-245.6335907,1437634174.542198,1
-1.74072266,-1.07836915,-1.9663086,246.18321229,-244.76335145,-233.38931275,1437634174.600493,1
-1.98120118,-1.0600586,-1.96411133,245.69465638,-245.96946717,247.11450196,1437634174.632279,1
-1.70336915,-1.0546875,-1.95629883,247.0076294,248.73281861,-243.31297303,1437634174.690516,1
-1.69702149,-1.06030274,-1.96484375,248.42747498,243.95419312,-243.55725098,1437634174.723328,1
-1.6994629,-1.05151368,-1.99731446,244.70228577,-219.03816224,-234.1374054,1437634174.782493,1
-1.62841797,-1.00830079,-1.95214844,-246.51908875,249.93893433,-219.02290345,1437634174.839691,1
-1.65747071,-1.03710938,-1.96362305,-246.61068726,-248.33587647,-219.22137452,1437634174.870313,1
-1.61328125,-0.99804688,-1.95874024,248.70228577,243.02290345,244.16793824,1437634174.904388,1
-1.66772461,-1.17578125,-1.89331055,187.28244019,211.66412354,-189.31297303,1437634174.960424,1
-1.89501954,-1.10253907,-1.88110352,-208.97709656,182.1374054,-0.00763359,1437634174.992327,1
-0.51098633,-0.00006104,-1.67431641,210.77862549,106.62595368,-0.00763359,1437634175.051341,1
1.51782227,-0.50585938,-1.99291993,128.85496521,8.73282433,-238.01527405,1437634175.083288,1
-1.4272461,-1.18603516,-0.91699219,239.45037842,123.32824708,115.66412354,1437634175.140443,1
-1.76953125,-1.52294922,-1.2253418,249.32824708,-237.74046326,114.76335907,1437634175.172567,1
1.99926758,-1.13330079,-1.62792969,154.03053284,-159.22137452,152.59541321,1437634175.233454,1
-1.53222657,-0.75610352,-1.6940918,135.67938233,-243.31297303,84.16793824,1437634175.291945,1
-1.72436524,-0.61572266,1.96118165,130.90075684,-173.58778382,65.54198456,1437634175.349653,1
-1.38867188,-0.30395508,-1.99829102,163.74046326,-177.06869507,81.49618531,1437634175.353880,1
-0.91308594,-1.33618165,1.73779297,155.83206177,-184.62596131,105.78626252,1437634175.409749,1
-1.24291993,-0.57958985,1.67700196,125.28244019,-184.15266419,131.08396912,1437634175.502054,1
-0.91723633,-1.6538086,1.37597657,207.6335907,-221.84733582,193.6335907,1437634175.531259,1
-1.05981446,-1.55590821,1.84204102,-245.28244019,-244.33587647,-206.56488038,1437634175.562140,1
-1.72143555,-1.02465821,-1.54077149,-11.0687027,-235.86259461,233.02290345,1437634175.590807,1
-0.42700196,-1.953125,0.20629883,-237.98472596,238.19847107,-81.45037842,1437634175.622052,1
-0.5234375,-0.00830079,1.6628418,233.48091126,-246.99237061,167.67938233,1437634175.652680,1
-1.17333985,-0.2421875,1.95800782,-245.86259461,234.97709656,221.38931275,1437634175.801137,1
-1.97680665,-0.39184571,-1.75683594,-244.71755982,245.87786866,227.17556763,1437634175.830063,1
-1.62280274,-1.09106446,-1.98828125,-239.95419312,247.2671814,-240.68702698,1437634175.859604,1
-1.73950196,-1.03808594,-1.98754883,247.80152894,-219.06869507,242.56488038,1437634175.863212,1
-1.73730469,-1.07373047,-1.96655274,249.25190735,249.87786866,242.76335145,1437634175.893977,1
-1.9819336,-1.10595704,-1.9650879,246.77862549,-241.93893433,248.30534363,1437634175.951256,1
-1.71948243,-1.08129883,-1.95336915,249.0076294,-218.91603089,-249.93893433,1437634176.011415,1
-1.70385743,-1.03564454,-1.95581055,-249.6335907,-246.68702698,247.66412354,1437634176.041258,1
-1.68994141,-1.06079102,-1.96166993,249.69465638,248,-242.53434754,1437634176.100782,1
-1.69384766,-1.04882813,-1.9572754,247.23664856,249.28244019,-244.82443238,1437634176.130365,1
-1.68066407,-1.02514649,-1.95825196,-250.09159852,-248.6412201,242.25953675,1437634176.160574,1
-1.68872071,-1.04296875,-1.96459961,249.83206177,249.72518921,-242.58015442,1437634176.192796,1
-1.98144532,-1.0522461,-1.95117188,246.56488038,-248.62596131,-245.45037842,1437634176.250596,1
-1.6953125,-1.05371094,-1.99682618,248.33587647,-249.89312745,-250,1437634176.282101,1
-1.69970704,-1.05615235,-1.96411133,250.06106568,245.70993042,-239.25190735,1437634176.341546,1
-1.71923829,-1.05126954,-1.93969727,232.74809266,243.22137452,-224.29006959,1437634176.372784,1
1.83740235,-0.93408204,-1.98339844,183.55725098,212,-37.29771042,1437634176.462190,1
-1.92626954,-1.18408204,1.98632813,169.31297303,145.05343628,-0.00763359,1437634176.490430,1
-0.88085938,-0.58764649,-1.96215821,116.01526642,-229.95419312,-84.94656373,1437634176.550389,1
-1.93164063,-0.00006104,1.88623047,166.870224,17.7099228,-89.45037842,1437634176.579838,1
-1.39233399,-1.8010254,-1.91308594,-159.60305787,158.04580689,69.26717377,1437634176.610927,1
1.62890625,-1.57080079,-1.28881836,247.69465638,-164.62596131,143.12977601,1437634176.641111,1
-1.76074219,-1.42041016,-1.50341797,222.15266419,-241.54199219,91.55725098,1437634176.731016,1
-1.65332032,-1.2890625,-1.86254883,211.61831666,-113.55725098,94.33587647,1437634176.790364,1
-1.56420899,-1.14990235,1.91503907,150.01527405,-145.60305787,102.38167573,1437634176.822230,1
-1.21118165,-0.7734375,-1.70922852,207.86259461,-156.39694214,92.71755982,1437634176.851539,1
-1.03955079,-1.00341797,-1.70922852,209.5114441,-146.80915833,134.35115052,1437634176.881544,1
-0.94799805,-0.42480469,-1.90454102,218.71755982,-111.96946717,102.53434754,1437634176.910766,1
-0.71459961,-1.52539063,-1.75366211,229.1450348,-152.51908875,185.89312745,1437634177.000223,1
-0.75195313,-1.4963379,1.47265625,-151.31297303,-214.10687256,-249.43511963,1437634177.003744,1
-1.5234375,-1.67431641,1.51147461,-145.05343628,208.19847107,-237.86259461,1437634177.062109,1
-0.00006104,-0.22680665,1.77636719,-127.60305024,-220.18321229,-0.00763359,1437634177.091120,1
-0.00006104,-0.00006104,0.65869141,-73.37404633,245.93893433,-39.31297684,1437634177.122737,1
-0.68847657,-0.00006104,-1.9753418,235.6335907,248.74809266,-198.90075684,1437634177.181492,1
-1.73876954,-0.7487793,1.80444336,-239.52671814,-248.91603089,231.81678772,1437634177.212870,1
-1.49047852,-0.9453125,-1.99731446,247.52671814,246.85496521,241.16030884,1437634177.270743,1
-1.57519532,-0.94116211,-1.93017579,-246.93130494,243.48091126,243.08396912,1437634177.331591,1
-1.69921875,-0.94995118,-1.9663086,-248.30534363,-248.33587647,233.60305787,1437634177.361122,1
-1.97875977,-1.0234375,-1.95996094,-218.97709656,-245.23664856,233.90840149,1437634177.392415,1
-1.68359375,-1.05395508,-1.99731446,249.92366028,-244.45800782,-248.38168335,1437634177.452362,1
-1.71435547,-1.02319336,-1.95336915,-249.93893433,-249.66412354,-248.2748108,1437634177.511653,1
-1.71020508,-1.07592774,-1.96655274,247.29771424,-245.5114441,-244.07633973,1437634177.571726,1
-1.7229004,-1.06518555,-1.99731446,-219.20610047,-243.78625489,243.98472596,1437634177.600948,1
-1.72558594,-1.94042969,-1.97216797,242.5038147,-246.80915833,-239.93893433,1437634177.659854,1
-1.7019043,-1.05004883,-1.94018555,249.46565247,-246.96183777,-246.870224,1437634177.691494,1
-1.67333985,-1.0456543,-1.96166993,-249.16030884,245.20610047,-249.83206177,1437634177.721261,1
-1.67041016,-1.03808594,-1.95922852,-244.71755982,248.44274903,-219.06869507,1437634177.782314,1
-1.97778321,-1.07324219,-1.93261719,194.45800782,220.59541321,-226.76335145,1437634177.842806,1
1.53295899,-0.7878418,-1.97509766,236.65649415,211.38931275,-0.00763359,1437634177.871420,1
-1.8034668,-0.9753418,-1.82348633,-226.1374054,-224.58015442,-0.00763359,1437634177.900721,1
-1.07006836,-0.00006104,-1.58276368,-249.02290345,112.61068726,-137.35877991,1437634177.932243,1
1.91259766,-0.5078125,-0.83813477,-153.70993042,125.54198456,229.20610047,1437634177.991001,1
-1.95019532,-1.43139649,-1.2109375,-212.15266419,227.08396912,-229.11450196,1437634178.022840,1
1.8491211,-1.41577149,-1.18652344,236.06106568,-141.86259461,144.10687256,1437634178.080831,1
-1.61450196,-1.22973633,-1.12817383,243.7709961,-38.22900773,106.21373749,1437634178.112774,1
-1.3088379,-1.23632813,-1.51806641,214.06106568,-16.67175484,-227.19084168,1437634178.170604,1
-1.0078125,-0.62036133,-1.51464844,208.870224,-36.59542084,89.17557526,1437634178.202711,1
-0.8947754,-0.76171875,-1.5822754,229.58778382,-95.46565247,109.86259461,1437634178.291419,1
-1.91479493,1.93041993,-1.61791993,204.85496521,-139.6335907,119.84732819,1437634178.320543,1
-0.34594727,-0.55200196,-1.81616211,-224.30534363,-103.22137452,139.03816224,1437634178.350610,1
-0.59472657,-1.78344727,-1.75854493,244.10687256,-141.23664856,-237.02290345,1437634178.383554,1
-0.62670899,-1.7307129,1.92309571,-170.99237061,-157.31297303,-176.41221619,1437634178.440691,1
-1.11035157,-1.56640625,1.96118165,-140.42747498,-205.70993042,-3.91603065,1437634178.471257,1
-0.00006104,-0.00006104,0.30639649,-143.45037842,231.11450196,-84.39694977,1437634178.561646,1
-0.00006104,-1.76269532,0.3046875,-152.83969117,217.25190735,-34.65649033,1437634178.590386,1
1.66015625,-0.3203125,-1.88891602,-239.38931275,237.55725098,-225.35877991,1437634178.620921,1
-1.98461915,-0.93994141,1.85131836,244.77862549,-246.41221619,239.29771424,1437634178.650677,1
-1.61376954,-1.07421875,-1.87890625,-248.38168335,246.90075684,-235.34350586,1437634178.710994,1
-1.6928711,-1.08789063,-1.94433594,-248.96183777,238.88549805,-241.89312745,1437634178.740838,1
-1.74316407,-1.00219727,-1.9572754,-248.59541321,-249.22137452,-219.31297303,1437634178.801097,1
-1.9807129,-1.0444336,-1.99609375,249.45037842,-249.23664856,-245.67938233,1437634178.831060,1
-1.69873047,-1.94140625,-1.96118165,-249.06869507,250.12213135,-219.49618531,1437634178.891336,1
-1.72241211,-1.04370118,-1.96679688,-249.29771424,-246.93130494,243.17556763,1437634178.920603,1
-1.71240235,-1.07885743,-1.95629883,-248.85496521,-247.20610047,-249.6335907,1437634178.982505,1
-1.69262696,-1.04931641,-1.94677735,-246.97709656,-249.03816224,-248.53434754,1437634179.011974,1
-1.69726563,-1.04711915,-1.94580079,-249.34350586,-249.43511963,-244.68702698,1437634179.071185,1
-1.6953125,-1.0913086,-1.95678711,246.96183777,-247.28244019,-232.83969117,1437634179.100648,1
-1.66992188,-1.02319336,-1.96215821,-248.97709656,246.45800782,-239.6335907,1437634179.159655,1
-1.69042969,-1.04272461,-1.97265625,243.2671814,247.28244019,-229.60305787,1437634179.192228,1
-1.63574219,-1.00708008,-1.9597168,237.32824708,247.58778382,-236.21374512,1437634179.223681,1
-1.87670899,-1.07934571,1.98095704,-205.81678772,221.84733582,-29.08396912,1437634179.280569,1
-1.7241211,-0.51733399,-1.82543946,-198.41221619,186.88549805,-0.00763359,1437634179.312727,1
-1.13110352,-1.89160157,-1.49536133,-151.32824708,124.35114289,-131.31297303,1437634179.370603,1
1.45581055,-1.92504883,-0.70532227,-37.66412354,246.58015442,-48.93129731,1437634179.402561,1
-1.96215821,-1.51635743,-1.25317383,-166.24427796,-217.7709961,135.80152894,1437634179.520616,1
1.71289063,-1.14428711,-1.30395508,-200.80915833,-177.20610047,151.03816224,1437634179.526378,1
-1.49340821,-1.31933594,-1.26586915,-243.6335907,-116.18320466,53.0687027,1437634179.554481,1
-1.55249024,-1.56054688,-1.34619141,235.70993042,-27.54198456,100.97709656,1437634179.582247,1
-1.16577149,-1.16723633,-1.14575196,218.80915833,-0.00763359,139.03816224,1437634179.640611,1
-0.71923829,-0.80786133,-1.18261719,227.58778382,-0.00763359,113.92366791,1437634179.671430,1
-0.73242188,-0.81494141,-1.53198243,229.0076294,-21.74045754,-227.32824708,1437634179.730927,1
-0.00006104,-0.49267579,-0.80419922,183.28244019,-73.89312745,69.08396912,1437634179.820827,1
-0.00006104,-1.46386719,1.90844727,208.56488038,-178.85496521,159.1450348,1437634179.850667,1
-0.58959961,-1.91259766,1.96435547,-219.12977601,-168.22900391,-211.67938233,1437634179.879740,1
-0.67407227,-1.75634766,-1.9807129,-119.60305024,-124.94656373,-231.5114441,1437634179.912266,1
1.32202149,-1.10253907,0.7421875,136.93130494,-194.73281861,-0.00763359,1437634179.942063,1
-1.85717774,-0.00006104,-0.80322266,-70.58015442,-212.83969117,-131.6335907,1437634179.999745,1
-1.875,-1.76098633,-1.92041016,-185.32824708,236.74809266,131.11450196,1437634180.062580,1
-1.82714844,-1.84399415,1.91357422,244.93130494,249.78625489,-233.90840149,1437634180.075864,1
-1.49145508,-1.4975586,-1.99243165,-236.90075684,-245.34350586,-189.06869507,1437634180.123247,1
-1.89624024,-1.92626954,-1.99780274,245.54199219,248.51908875,-230.93130494,1437634180.153392,1
-1.9807129,-0.99682618,-1.99853516,249.06869507,-249.25190735,-240.73281861,1437634180.210185,1
-1.5900879,-1.0234375,-1.97875977,-247.89312745,-246.90075684,-240.38168335,1437634180.242102,1
-1.6706543,-0.97460938,-1.96972657,249.06869507,240.6412201,239.17556763,1437634180.329570,1
-1.64941407,-1.00048829,-1.95922852,248.88549805,-249.38931275,239.72518921,1437634180.359555,1
-1.66455079,-1.02270508,-1.96606446,242.82443238,-218.91603089,241.19084168,1437634180.390199,1
-1.69750977,-1.05200196,-1.95605469,249.38931275,-248.35115052,-244.870224,1437634180.451417,1
-1.69580079,-1.04370118,-1.95874024,-246.83969117,-250.12213135,247.38931275,1437634180.480714,1
-1.68920899,-1.03808594,-1.94213868,248.54962159,-246.29006959,240.85496521,1437634180.510885,1
-1.67504883,-1.93994141,-1.94140625,247.96946717,-248.21374512,245.70993042,1437634180.570004,1
-1.71948243,-1.0522461,-1.95166016,246.870224,247.05343628,-235.12977601,1437634180.604293,1
-1.69628907,-1.03710938,-1.94458008,240.61068726,-219.19084168,-232.09159852,1437634180.661520,1
-1.7265625,-1.02563477,-1.90234375,222.96183777,220.73281861,-130.74809266,1437634180.692317,1
-1.92431641,-0.88427735,1.94580079,245.64884949,198.54962159,-0.00763359,1437634180.780071,1
-1.32055665,-0.64941407,1.97778321,247.02290345,140.99237061,-0.00763359,1437634180.809640,1
-1.16455079,-0.00006104,-1.31762696,-224.2748108,79.87786103,-92.29007721,1437634180.839670,1
-1.96679688,-1.94702149,-0.66894532,-169.08396912,44.87022782,-234.5038147,1437634180.870576,1
1.9362793,-1.85546875,-1.30761719,-244.39694214,233.78625489,169.67938233,1437634180.902411,1
1.66064454,-1.39453125,-1.34155274,198.32061768,-118.80915833,162.45800782,1437634180.960463,1
-1.87280274,-0.96386719,-1.5588379,220.36640931,-81.67938996,92.04579926,1437634181.052431,1
-1.47998047,-1.94604493,1.75927735,-225.57252503,-141.95419312,90.74809266,1437634181.082021,1
-1.18652344,-0.52416993,1.97265625,132,-173.11450196,46.21374131,1437634181.111072,1
-0.9453125,-0.58081055,-1.96459961,160.42747498,-170.97709656,34.25954056,1437634181.140692,1
-0.00006104,-0.00006104,-0.63769532,-232.38168335,-170.21374512,56.91603089,1437634181.173340,1
-0.27246094,-1.74731446,1.3112793,222.96183777,-196.58015442,182.85496521,1437634181.230717,1
-0.66503907,-1.65795899,1.53271485,-246.96183777,-248.94656373,-235.35877991,1437634181.263107,1
-0.77636719,-1.73632813,-1.9675293,-96.15267182,-233.58778382,-201.16030884,1437634181.320698,1
-0.4284668,-0.98828125,-1.81640625,-243.22137452,230.22900391,-96.35114289,1437634181.352656,1
-0.00006104,-0.00006104,-0.94775391,-127.96946717,232.93130494,48.61068726,1437634181.441290,1
-0.55981446,-0.25219727,-1.97680665,-246.2748108,244.42747498,207.48091126,1437634181.470473,1
-1.29272461,-0.17089844,1.91235352,-240.16793824,249.64884949,-223.0076294,1437634181.502468,1
-1.43286133,-1.92407227,1.95166016,-249.81678772,-243.80152894,190.39694214,1437634181.533889,1
-1.58178711,-0.96411133,-1.99389649,-249.98472596,-241.61831666,213.92366028,1437634181.590935,1
-1.75585938,-1.06933594,-1.94555665,249.1450348,-248.53434754,235.48091126,1437634181.621302,1
-1.98364258,-1.11132813,-1.9284668,245.32824708,245.86259461,-249.03816224,1437634181.680977,1
-1.72167969,-1.11303711,-1.99536133,247.95419312,-246.41221619,247.80152894,1437634181.710820,1
-1.70751954,-1.07641602,-1.94580079,249.3740387,-248.22900391,245.52671814,1437634181.770900,1
-1.69238282,-1.05200196,-1.95922852,249.20610047,247.25190735,-243.5114441,1437634181.831647,1
-1.69384766,-1.06054688,-1.94262696,247.43511963,249.89312745,-244.870224,1437634181.861270,1
-1.69360352,-1.05590821,-1.9519043,-250.03053284,248.6412201,-248.61068726,1437634181.890767,1
-1.66137696,-1.05908204,-1.94970704,247.89312745,245.12977601,-243.80152894,1437634181.951226,1
-1.68164063,-1.02783204,-1.9963379,233.32824708,240.96183777,-223.64884949,1437634182.011157,1
-1.69067383,-1.05419922,-1.9428711,228.91603089,224.04580689,-133.70993042,1437634182.041115,1
-1.87304688,-1.09619141,-1.86230469,237.87786866,207.05343628,-0.00763359,1437634182.070894,1
-1.87304688,-1.18798829,-1.91601563,-231.03816224,163.70993042,-0.00763359,1437634182.132339,1
-0.47973633,-1.88256836,-1.78588868,-225.6335907,102.38167573,-56.21374131,1437634182.161612,1
1.35327149,-0.00006104,-1.86767579,-233.19084168,14.21374035,-234.5038147,1437634182.221131,1
-1.86059571,1.56567383,-1.39648438,-211.69465638,155.32824708,129.41984559,1437634182.281223,1
1.52954102,-1.11889649,-1.02416993,-190.82443238,-100.18320466,101.11450196,1437634182.310547,1
-1.64746094,-1.57421875,-0.97607422,-239.61831666,-0.00763359,64.80915833,1437634182.341076,1
-1.29931641,-1.95458985,-1.23901368,-229.31297303,-0.00763359,74.54962159,1437634182.400880,1
-1.07592774,-1.27319336,-1.49560547,217.45037842,-35.93893052,69.51145173,1437634182.430969,1
-0.51635743,-0.82373047,-1.29516602,182.51908875,-135.46565247,36.10686875,1437634182.491542,1
-0.63525391,-1.22070313,-1.5288086,127.40457917,-129.11450196,-228.61068726,1437634182.520844,1
-0.85620118,-0.97241211,-1.5600586,137.11450196,-135.67938233,160.77862549,1437634182.581142,1
-0.00006104,-0.70532227,1.93359375,202.85496521,-247.48091126,212.79389954,1437634182.612232,1
-0.72827149,1.67041016,1.26245118,-86.33587647,-141.1450348,-180.24427796,1437634182.671685,1
-0.86547852,-1.48339844,-1.98925782,161.81678772,-241.08396912,-0.00763359,1437634182.701360,1
-0.00006104,-0.21435547,-1.875,-156.16793824,214.21374512,-92,1437634182.760855,1
-0.21264649,-1.88671875,-1.1003418,-139.80152894,210.59541321,-142.33587647,1437634182.790680,1
-1.11865235,-1.08715821,-1.6147461,239.45037842,242.93130494,240.61068726,1437634182.820632,1
-1.41113282,-1.0300293,1.95556641,224.70228577,-249.54199219,242.04580689,1437634182.882878,1
-1.81958008,-0.55029297,-1.84692383,-243.09924317,-249.89312745,-240.54962159,1437634182.912203,1
-1.58813477,-1.08618165,-1.96484375,-249.89312745,249.12977601,-232.10687256,1437634182.999795,1
-1.58447266,-0.30688477,1.61572266,237.48091126,-248.96183777,-238.47328187,1437634183.030918,1
-1.54833985,-1.07641602,-1.92407227,-249.61831666,248.33587647,-244.61068726,1437634183.060914,1
-1.97753907,-0.97705079,-1.94775391,246.79389954,249.02290345,-233.98472596,1437634183.092196,1
-1.66064454,-1.02124024,-1.9428711,250.10687256,-218.96183777,249.67938233,1437634183.150949,1
-1.6550293,-1.0678711,-1.94042969,246.91603089,-249.87786866,-246.77862549,1437634183.271154,1
-1.65039063,-1.06469727,-1.95581055,245.1450348,249.80152894,-239.6335907,1437634183.330430,1
-1.98046875,-1.03515625,-1.9572754,234.04580689,243.38931275,-222.62596131,1437634183.360020,1
-1.72314454,-1.06274415,-1.95019532,225.61831666,-219.69465638,-146.18321229,1437634183.366671,1
-1.69238282,-1.05981446,-1.92822266,232.91603089,213.80152894,-53.63358689,1437634183.392354,1
-1.82470704,-1.06591797,-1.75366211,-240.47328187,165.35877991,-0.00763359,1437634183.422136,1
-0.97924805,-0.39428711,-1.67333985,235.52671814,115.60305024,-0.00763359,1437634183.451152,1
-0.97387696,-0.09033204,-1.3190918,166.30534363,113.90839386,-46.53435135,1437634183.481297,1
-0.00006104,-0.00006104,-1.66796875,114.15267182,96.80915833,-234.5038147,1437634183.541149,1
1.22607422,-1.74731446,-0.89648438,-241.43511963,-246.04580689,42.53435135,1437634183.570841,1
-1.98559571,-1.06689454,-0.87304688,-240.80915833,-51.40457917,22.54961777,1437634183.631196,1
-1.68188477,-1.58569336,-1.60449219,189.67938233,-5.1755724,42.97710038,1437634183.661189,1
-0.98754883,-1.22924805,-1.74194336,119.7709961,-56.53435135,91.32824708,1437634183.721000,1
-0.70483399,-0.13891602,-1.7175293,180.10687256,-104.71755982,57.29771042,1437634183.750734,1
-0.40356446,-0.91723633,-1.82495118,-230.39694214,-142.33587647,100.18320466,1437634183.810817,1
-0.13793946,-0.24365235,-1.36669922,146.01527405,-241.96946717,112.16793824,1437634183.871554,1
-0.00006104,-1.96118165,1.4182129,-237.70993042,230.85496521,203.70993042,1437634183.901451,1
-0.78369141,1.65991211,-1.81030274,-57.09923554,-218.88549805,-215.78625489,1437634183.930811,1
1.35522461,-0.80078125,-1.41064454,242.1374054,245.95419312,-0.00763359,1437634183.992950,1
-1.79248047,-0.84716797,0.64965821,-242.61068726,220.79389954,-131.96946717,1437634184.020818,1
-1.54882813,-1.66137696,-1.98681641,-76.97709656,219.06869507,-237.83206177,1437634184.111041,1
-1.83935547,-0.8569336,-1.86425782,-224.12213135,249.57252503,226.96183777,1437634184.139987,1
-1.76342774,-0.98559571,1.71606446,211.87786866,242.53434754,-236.09159852,1437634184.173430,1
-1.41577149,-1.31860352,-1.99902344,-244.90075684,-247.74046326,-219.34350586,1437634184.231011,1
-1.71484375,-1.0053711,-1.83251954,-249.78625489,-250,243.08396912,1437634184.261736,1
-1.80419922,-1.06347657,-1.99072266,246.870224,-246.70228577,249.4045868,1437634184.322233,1
-1.71044922,-1.13476563,-1.90966797,246.65649415,245.67938233,-244.73281861,1437634184.352600,1
-1.72802735,-1.11767579,-1.92773438,247.11450196,249.23664856,248.48855591,1437634184.380787,1
-1.72021485,-1.04296875,-1.97436524,238.58015442,247.25190735,-235.19084168,1437634184.440771,1
-1.61645508,-0.92822266,-1.98144532,249.46565247,-249.34350586,-239.58778382,1437634184.560453,1
-1.70825196,-1.00683594,-1.96923829,249.05343628,-244.32061768,-241.09924317,1437634184.592311,1
-1.66894532,-1.94189454,-1.94873047,238.38168335,237.93893433,-211.54199219,1437634184.621694,1
-1.66308594,-1.04345704,-1.92675782,227.93893433,232.33587647,-156.96183777,1437634184.651670,1
-1.66748047,-0.9597168,-1.97192383,234.33587647,220.59541321,-64.16793824,1437634184.680994,1
-1.98803711,-1.03637696,-1.91186524,-233.35877991,163.49618531,-0.00763359,1437634184.711745,1
-1.28759766,-1.0053711,-1.96459961,-223.78625489,142.24427796,-0.00763359,1437634184.740859,1
-0.13208008,-0.00006104,-1.69482422,-234.5038147,-231.0076294,-102.18320466,1437634184.801221,1
1.1484375,-0.00006104,1.74584961,137.03816224,50.04580308,87.435112,1437634184.831730,1
-0.38842774,-1.98266602,-0.67333985,-208.01527405,244.90075684,-231.25190735,1437634184.890975,1
1.52563477,1.94116211,-0.74487305,-204.15266419,-27.20610619,56.58015442,1437634184.921004,1
-1.52514649,-1.50512696,-1.26098633,-232.32061768,-0.00763359,29.64885521,1437634184.982986,1
-1.2734375,-1.32324219,-1.83398438,173.48091126,-35.52671814,81.49618531,1437634185.041141,1
-0.97875977,-1.13891602,-1.71972657,98.45801545,-50.51908494,-228.65649415,1437634185.070483,1
-0.61694336,-0.8659668,-1.35449219,94.85496521,-112.71755982,123.69465638,1437634185.101326,1
-0.51269532,-0.73217774,-1.09204102,127.81679535,-78.47328187,110.54962159,1437634185.130567,1
-0.21533204,-0.50048829,-1.93872071,-229.7709961,-201.32824708,114.22900391,1437634185.190893,1
-0.48632813,1.79541016,1.21679688,-229.58778382,-233.72518921,-212.48855591,1437634185.220902,1
-0.69189454,-1.63574219,-1.55297852,-0.00763359,-243.19084168,-248.6412201,1437634185.281032,1
-1.98559571,-1.27465821,-1.74438477,178.1374054,-219.25190735,-0.00763359,1437634185.311904,1
-0.78515625,-0.2866211,0.5979004,-147.45037842,221.46565247,-115.67938996,1437634185.371244,1
-1.4284668,-1.19677735,-1.40063477,-64.29007721,226.5038147,-207.38931275,1437634185.400967,1
-1.80761719,-1.01000977,1.84521485,-212.42747498,237.67938233,-239.67938233,1437634185.460738,1
-1.70019532,-1.01245118,1.83178711,242.6412201,249.29771424,226.65649415,1437634185.493555,1
-1.6057129,-1.12207032,-1.88403321,-238.29006959,-218.94656373,242.90075684,1437634185.551634,1
-1.74194336,-1.15649415,-1.86010743,-245.57252503,-249.98472596,231.45037842,1437634185.581145,1
-1.85083008,-1.14428711,-1.91699219,-248.24427796,243.09924317,245.89312745,1437634185.670229,1
-1.72753907,-1.12207032,-1.93237305,249.46565247,-249.61831666,-243.41984559,1437634185.674420,1
-1.74365235,-1.08544922,-1.96020508,245.87786866,-244.35115052,247.45037842,1437634185.730863,1
-1.71704102,-1.07202149,-1.94067383,-220.07633973,-219.38931275,249.17556763,1437634185.760865,1
-1.60180665,-1.23535157,-1.93237305,-235.93893433,247.03816224,243.69465638,1437634185.821286,1
-1.75341797,-0.97949219,-1.95166016,248.38168335,-247.7709961,-249.78625489,1437634185.881320,1
-1.67553711,-1.05444336,-1.94824219,237.80152894,240.29006959,-248.99237061,1437634185.940630,1
-1.69042969,-1.01757813,-1.92358399,229.86259461,229.12977601,-243.72518921,1437634185.970707,1
-1.99389649,-1.28881836,-1.86108399,249.55725098,190.47328187,-0.00763359,1437634186.002485,1
1.95117188,-0.98339844,-1.44384766,-239.84733582,129.12977601,-0.00763359,1437634186.030950,1
-1.08032227,-0.00006104,-1.27075196,244.5038147,78.6412201,-29.74045754,1437634186.090861,1
0.96850586,-0.00006104,1.99243165,150.83969117,21.0687027,-234.5038147,1437634186.121252,1
-1.85278321,-0.00006104,-1.37670899,235.3740387,126.10687256,185.22137452,1437634186.211219,1
-1.78515625,-0.98828125,-0.9807129,223.57252503,-106.1374054,-229.70993042,1437634186.240893,1
-1.85644532,-1.92382813,-1.12548829,243.23664856,-0.00763359,59.28244401,1437634186.270037,1
-1.53466797,-1.18554688,-1.61059571,191.74046326,-39.80152512,79.64885712,1437634186.332093,1
-1.18188477,-1.09838868,1.93652344,154.21374512,-81.55725098,53.26717377,1437634186.360498,1
-0.83618165,-0.64306641,-1.68164063,172.65649415,-143.48091126,77.80152894,1437634186.392296,1
-0.45507813,-0.67358399,-1.4338379,174.79389954,-165.95419312,99.46565247,1437634186.453911,1
-0.35009766,-1.33959961,-1.86938477,197.34350586,-162.21374512,107.60305024,1437634186.482432,1
-0.00006104,-1.11889649,1.48925782,233.78625489,238.04580689,-245.86259461,1437634186.510950,1
-1.90625,-1.76416016,1.98559571,-75.19084168,248.79389954,-225.23664856,1437634186.571360,1
-1.875,-1.45556641,-1.875,-150.97709656,222.41221619,-122.04579926,1437634186.600873,1
-1.21069336,-1.62158204,-0.82519532,-141.22137452,223.96946717,172.82443238,1437634186.661318,1
1.56640625,-1.3869629,-1.83007813,204.1374054,-248.80915833,249.23664856,1437634186.720819,1
-1.22509766,-1.10449219,-1.68847657,-248.97709656,249.23664856,-237.86259461,1437634186.779972,1
-1.64575196,-1.93725586,-1.82421875,-242.53434754,-243.20610047,-250.03053284,1437634186.810414,1
-1.70898438,-0.86840821,1.98168946,-243.22137452,249.90840149,-232.73281861,1437634186.870249,1
-1.5991211,-0.97070313,-1.95532227,248.33587647,247.84733582,-233.49618531,1437634186.874081,1
-1.63134766,-1.0078125,-1.94262696,246.96183777,-247.06869507,-236.54962159,1437634186.931674,1
-1.66870118,-0.94775391,-1.97436524,247.95419312,-245.66412354,248.96183777,1437634186.960817,1
-1.68139649,-1.05932618,-1.92333985,-235.60305787,-247.75572205,-245.84733582,1437634187.021169,1
-1.70581055,-1.00903321,-1.92700196,-242.33587647,247.09924317,-231.67938233,1437634187.051079,1
-1.64086915,-1.10644532,-1.99560547,-249.75572205,246.70228577,247.06869507,1437634187.111763,1
-1.68188477,-1.01635743,-1.97460938,249.90840149,249.46565247,-232.22900391,1437634187.201445,1
-1.6538086,-1.05932618,-1.96728516,225.96946717,238.82443238,-219.28244019,1437634187.230637,1
-1.70678711,-1.02783204,-1.99462891,223.95419312,-220.870224,-68.88549805,1437634187.260231,1
-1.84936524,-1.93408204,-1.82885743,-248,172.10687256,-0.00763359,1437634187.263994,1
-1.51733399,-0.86035157,-1.99731446,-172.24427796,154.74809266,-0.00763359,1437634187.321147,1
-0.00006104,-0.00006104,1.64672852,162.870224,81.83206177,-17.64885521,1437634187.350912,1
-1.875,-0.71240235,-0.64135743,152.01527405,77.48091889,-223.60305787,1437634187.441695,1
-1.97265625,-1.75463868,-1.09643555,-223.43511963,171.16030884,128.2748108,1437634187.471836,1
1.6394043,-1.77636719,-0.82543946,195.32824708,-35.96946717,80.68701935,1437634187.501323,1
-1.50854493,-1.34204102,-1.46264649,221.92366028,-22.03053475,40.54961777,1437634187.531453,1
-1.35400391,-1.03491211,1.94091797,154.21374512,-63.67938996,16.44274903,1437634187.591125,1
-1.19140625,-0.97924805,1.85913086,117.84732819,-121.84732819,22.79389382,1437634187.622353,1
-0.3947754,-0.43994141,-1.71020508,171.31297303,-136.25953675,2.73282433,1437634187.680757,1
-0.37353516,-1.94726563,1.91577149,221.1450348,-144.91603089,76.19847107,1437634187.713021,1
-0.0390625,-1.59106446,1.0197754,248.01527405,219.43511963,-243.22137452,1437634187.772279,1
-0.40673829,-1.67651368,1.76831055,-21.14503861,249.69465638,-221.12977601,1437634187.832576,1
-1.875,1.40063477,1.03344727,-221.25190735,-249.34350586,-85.54198456,1437634187.920741,1
-0.99414063,-0.00006104,1.37646485,-240.59541321,218.68702698,-234.5038147,1437634187.952267,1
-0.6213379,-0.80175782,-1.75244141,-210.51908875,248.99237061,168.68702698,1437634188.010816,1
-1.54296875,-0.32641602,-1.85058594,-222.38168335,246.47328187,197.58778382,1437634188.040412,1
-1.80639649,-1.12231446,-1.94873047,-230.91603089,-245.70993042,199.70993042,1437634188.044064,1
-1.83129883,-0.79296875,-1.90942383,-246.09159852,-243.2671814,221.46565247,1437634188.072496,1
-1.72900391,-1.95043946,-1.95410157,245.11450196,-248.51908875,243.64884949,1437634188.132153,1
-1.82006836,-1.17260743,-1.9453125,249.74046326,-244.74809266,246.18321229,1437634188.162464,1
-1.75512696,-1.11645508,-1.95703125,-246.29006959,-245.52671814,245.06869507,1437634188.191047,1
-1.70874024,-1.1616211,-1.9182129,245.96946717,-246.01527405,-239.32824708,1437634188.251256,1
-1.72045899,-1.09277344,-1.96166993,246.74809266,244.15266419,-245.64884949,1437634188.281178,1
-1.9807129,-1.09155274,-1.98242188,247.96946717,-244.85496521,249.31297303,1437634188.341325,1
-1.67675782,-1.05541993,-1.96362305,244.68702698,249.86259461,-238.48855591,1437634188.370990,1
-1.70019532,-1.05175782,-1.94091797,234.6412201,242.80915833,-230.76335145,1437634188.432526,1
-1.66333008,-1.09155274,-1.95996094,202.19847107,-220.07633973,-214.77862549,1437634188.463581,1
-1.85107422,-1.93896485,-1.97265625,218.16793824,223.6335907,-85.09923554,1437634188.550371,1
-1.97021485,-1.11181641,-1.77587891,-238.2748108,176.94656373,-0.00763359,1437634188.553501,1
-1.43554688,-1.03417969,-1.8894043,-230,155.75572205,-0.00763359,1437634188.610587,1
-0.45996094,-0.00006104,-1.27734375,68.16793824,-229.38931275,-1.61832059,1437634188.641476,1
-0.77539063,-0.64892579,-0.00006104,-227.52671814,86.65648652,84.53434754,1437634188.673215,1
1.27978516,-1.05761719,-0.77734375,249.81678772,186.38168335,33.16030503,1437634188.760242,1
-1.87792969,-1.62792969,-0.94897461,245.87786866,-87.28244019,62.24427414,1437634188.793381,1
-1.55053711,-1.26660157,-1.37890625,-248.870224,-38.01526642,10.06106854,1437634188.821603,1
-1.24145508,-1.30078125,1.98559571,171.95419312,-80.45801545,20.12213707,1437634188.853182,1
-1.08056641,-0.80932618,-1.63574219,128.83969117,-59.55725098,48.1374054,1437634188.942060,1
-0.26391602,-1.92407227,-1.83129883,149.55725098,-129.86259461,67.5725174,1437634188.971330,1
-0.0979004,-0.99829102,-1.74023438,144.51908875,-165.22137452,-227.98472596,1437634189.000973,1
-0.23095704,-1.31103516,1.32983399,248.47328187,-219.16030884,168.51908875,1437634189.033052,1
-0.4987793,-1.84741211,1.30078125,-125.92366791,-244.51908875,-225.38931275,1437634189.090791,1
-1.875,1.9338379,1.6940918,154.6412201,231.05343628,-0.00763359,1437634189.121920,1
-1.47338868,-0.18457032,1.51074219,-33.48091507,191.4045868,-99.19084168,1437634189.211039,1
1.30322266,-1.12646485,-1.9050293,-155.29771424,223.22137452,209.48091126,1437634189.272582,1
1.99682618,-1.5913086,1.89013672,245.72518921,-219.28244019,188.79389954,1437634189.331437,1
-1.75170899,-1.3881836,-1.97265625,245.4045868,-248.03053284,223.60305787,1437634189.360613,1
-1.90795899,-1.34033204,-2,-246.33587647,-245.93893433,232.76335145,1437634189.392266,1
-1.83178711,-1.25903321,-1.93969727,244.54962159,-249.90840149,-249.6335907,1437634189.421576,1
-1.6760254,-1.44677735,-1.98657227,231.90840149,-246.76335145,-229.20610047,1437634189.480770,1
-1.75708008,-1.14746094,-1.9741211,-219.17556763,-247.11450196,-239.06869507,1437634189.510355,1
-1.74462891,-1.10180665,-1.97875977,248.42747498,248.71755982,-243.05343628,1437634189.513984,1
-1.69653321,-1.13500977,-1.98120118,248.12213135,245.20610047,-248.59541321,1437634189.571105,1
-1.67944336,-1.07543946,-1.95410157,238.25953675,244.65649415,-230.76335145,1437634189.603764,1
-1.66503907,-1.94116211,-1.99707032,213.23664856,232.15266419,-206.6412201,1437634189.662393,1
-1.83056641,-1.05761719,-1.91748047,235.90840149,229.64884949,-137.49618531,1437634189.722110,1
-1.55957032,-1.12524415,-1.8869629,239.35877991,212.74809266,-29.17557335,1437634189.750731,1
-1.70336915,-1.00683594,-1.7397461,235.38931275,124.82442475,-0.00763359,1437634189.783831,1
-0.00006104,-0.00006104,1.95434571,109.08396912,103.49618531,-7.63358784,1437634189.870251,1
1.65820313,-0.72875977,-0.75756836,149.31297303,-234.5038147,-231.48091126,1437634189.875340,1
-1.4272461,-1.85009766,-0.96923829,-249.12977601,49.45038224,144.1374054,1437634189.931771,1
1.8425293,-1.77587891,-0.82275391,232.45800782,-157.89312745,56.6412201,1437634189.963178,1
-1.97973633,-1.5131836,-1.45434571,171.90840149,-238.35115052,81.54198456,1437634190.021106,1
-1.38720704,-0.77734375,-1.6328125,135.05343628,-66.59542084,22.82442666,1437634190.053194,1
-1.50048829,-1.09692383,-1.86083985,48.77862549,-47.72518921,146.24427796,1437634190.110980,1
-0.26147461,-0.00006104,-1.52197266,141.86259461,-84.47328187,48.3511467,1437634190.172875,1
-0.00006104,-0.3984375,-1.35717774,181.08396912,-132.38168335,61.74045945,1437634190.202192,1
-0.00006104,-1.64379883,0.80200196,-211.75572205,-214.30534363,244.97709656,1437634190.233241,1
-0.00006104,-1.12768555,-1.9416504,-129.57252503,-248.91603089,-0.00763359,1437634190.291131,1
-0.00006104,-0.00006104,1.28613282,-26.22900773,220.5038147,172.18321229,1437634190.352679,1
-0.54956055,-0.00006104,1.94042969,-205.80152894,247.75572205,85.67938996,1437634190.382223,1
-0.58422852,-1.89746094,-1.8828125,-207.87786866,-239.54199219,174.18321229,1437634190.442298,1
-1.3713379,-0.07934571,-1.90063477,243.93893433,249.60305787,235.81678772,1437634190.501509,1
-1.3894043,-0.90283204,-1.9609375,247.3740387,248.70228577,-245.38931275,1437634190.531356,1
-1.64208985,-0.93554688,-1.97241211,244.80915833,-247.09924317,-238.06106568,1437634190.561037,1
-1.66992188,-1.05419922,-1.94799805,245.54199219,247.17556763,-241.67938233,1437634190.595455,1
-1.71533204,-1.06640625,-1.95581055,247.09924317,247.29771424,-243.46565247,1437634190.651272,1
-1.68920899,-1.08544922,-1.93920899,242.68702698,246.01527405,-242,1437634190.681115,1
-1.97924805,-1.06884766,-1.99584961,242.06106568,234.870224,-230.74809266,1437634190.742336,1
-1.66992188,-1.04101563,-1.93579102,243.28244019,238.54962159,-182.5038147,1437634190.772772,1
-1.69140625,-1.05419922,-1.94799805,246.79389954,225.32824708,-117.60305024,1437634190.831096,1
-1.72387696,-1.01733399,-1.90844727,-235.16030884,202.94656373,-0.00763359,1437634190.891510,1
-1.52392579,-0.59887696,-1.6928711,-244.41221619,-227.09924317,-0.00763359,1437634190.920468,1
-0.17333985,-0.00006104,-1.84204102,144.59541321,90.99236298,-0.00763359,1437634190.951261,1
0.12841797,-0.69262696,-0.83251954,104.03053284,48.83969498,-234.5038147,1437634190.983525,1
-1.77246094,-1.84179688,-0.9050293,228.54962159,120.62595368,-231.98472596,1437634191.040745,1
-1.8803711,-1.67382813,-0.93920899,235.83206177,-142.01527405,51.86259461,1437634191.073151,1
-1.84545899,-1.42089844,-1.17822266,241.17556763,-29.63358689,26.12213707,1437634191.131115,1
-1.47045899,-1.95043946,-1.7241211,162.85496521,-48.12213898,11.46564866,1437634191.163147,1
-0.87817383,-0.9494629,-1.60424805,100.91603089,-31.12977028,71.25190735,1437634191.220965,1
-0.00006104,-0.40356446,1.89990235,125.96946717,-119.5725174,4.94656468,1437634191.282206,1
-0.10742188,-0.9963379,1.64013672,152.38168335,-185.52671814,130.83969117,1437634191.311061,1
-0.00006104,1.50488282,0.62011719,221.74046326,-204.35115052,-197.80152894,1437634191.342888,1
-0.00006104,-0.00006104,0.81518555,65.41984559,-243.78625489,-0.00763359,1437634191.400707,1
-1.72753907,-0.99584961,-1.86376954,-82.76335907,119.52671814,-0.00763359,1437634191.434596,1
-1.82470704,-1.66674805,-1.95117188,-151.7709961,236.58015442,227.31297303,1437634191.491025,1
-1.68041993,-1.12841797,-1.89355469,-236.82443238,-248.94656373,-245.55725098,1437634191.522925,1
-1.74023438,-0.97363282,-1.94213868,-242.90075684,245.98472596,241.64884949,1437634191.581752,1
-1.62963868,-1.0859375,-1.90795899,-246.54962159,-237.75572205,245.92366028,1437634191.612735,1
-1.84423829,-0.9038086,1.97094727,-249.60305787,-249.52671814,241.96946717,1437634191.671185,1
-1.61889649,-1.17822266,-1.9519043,247.1450348,-244.77862549,243.22137452,1437634191.703012,1
-1.69824219,-0.99560547,-1.92675782,-247.23664856,249.67938233,-238.94656373,1437634191.760831,1
-1.68115235,-1.01635743,-1.99511719,-248.42747498,-247.66412354,248.48855591,1437634191.793048,1
-1.63745118,-1.04125977,-1.96215821,-245.75572205,-246.83969117,245.86259461,1437634191.851049,1
-1.6772461,-1.05297852,-1.94189454,248.73281861,249.84733582,-232.71755982,1437634191.914982,1
-1.68798829,-1.06860352,-1.95361329,229.66412354,232.93130494,-198.01527405,1437634191.940534,1
-1.72509766,-1.02197266,-1.97167969,238.38168335,237.90840149,-120.35114289,1437634191.972432,1
-1.79882813,-0.88256836,-1.97998047,238.90075684,-222.870224,-0.00763359,1437634192.030555,1
-1.21777344,-1.25073243,1.66894532,-249.28244019,134.74809266,-0.00763359,1437634192.091310,1
-1.17529297,-0.57666016,-1.7175293,133.96946717,105.22137452,-0.00763359,1437634192.150492,1
-0.00006104,-1.92358399,-0.00006104,156.5038147,37.74045945,-234.5038147,1437634192.179938,1
1.61279297,-1.26953125,-1.06323243,187.29771424,137.09924317,19.19083977,1437634192.210439,1
-1.93945313,-1.30810547,-1.13183594,224.29006959,-137.6335907,19.7099228,1437634192.269479,1
-1.80004883,-1.52661133,-1.4650879,206.2748108,-71.92366791,24.77862549,1437634192.329568,1
-1.28808594,-0.93823243,-1.88452149,181.32824708,-238.67175293,-234.25953675,1437634192.359571,1
-1.05322266,-0.94677735,-1.75561524,121.74045563,-92.7022934,30.90076256,1437634192.419683,1
-0.29809571,-1.88793946,-1.88598633,155.35877991,-159.93893433,-234.38168335,1437634192.450773,1
-0.2619629,-1.19897461,1.57104493,178.99237061,-183.96946717,140.83969117,1437634192.480467,1
-0.10717774,-1.86132813,1.31567383,-220.73281861,-214.5038147,240.74809266,1437634192.511013,1
-0.15087891,-1.82958985,1.52978516,-56.44274903,-218.47328187,159.74046326,1437634192.570130,1
0.3881836,-1.94458008,0.38891602,-237.46565247,248.94656373,-120.76335907,1437634192.600614,1
-1.14575196,-0.85620118,-1.86108399,-136.15266419,216.03053284,229.05343628,1437634192.662101,1
-1.09472657,-0.00006104,-1.8491211,-209.96946717,-219.5114441,-203.95419312,1437634192.692371,1
-1.24560547,-0.69775391,-1.79125977,-234.93130494,-219.17556763,-213.29771424,1437634192.752639,1
-1.58740235,-1.92626954,-1.93334961,249.43511963,-248.93130494,247.38931275,1437634192.782132,1
-1.62695313,-1.93261719,-1.97558594,-244.38168335,-249.89312745,-249.41984559,1437634192.839666,1
-1.64379883,-1.01684571,-1.94897461,-244.94656373,-219.03816224,-244.48855591,1437634192.871107,1
-1.68481446,-1.02416993,-1.95629883,245.28244019,247.84733582,-246.09159852,1437634192.903358,1
-1.68139649,-1.05249024,-1.94335938,246.10687256,249.28244019,-237.70993042,1437634192.991626,1
-1.97900391,-1.04785157,-1.95214844,-219.09924317,-246.5038147,-236.48855591,1437634193.050573,1
-1.64379883,-0.88647461,1.94653321,243.23664856,248.45800782,242.5038147,1437634193.080250,1
-1.5432129,-0.94726563,-1.94189454,-219.09924317,-249.98472596,-240.12213135,1437634193.114511,1
-1.67309571,-1.93579102,-1.91381836,-219.4045868,236.33587647,-221.19084168,1437634193.142027,1
-1.72265625,-1.05126954,-1.97143555,231.22137452,231.46565247,-156.12213135,1437634193.171629,1
-1.74707032,-1.02514649,-1.89501954,230.44274903,-220.88549805,-55.05343628,1437634193.261561,1
-1.89941407,-1.95141602,-1.85449219,-238.79389954,153.87786866,-0.00763359,1437634193.290706,1
-0.57714844,-0.12695313,-1.97924805,-245.09924317,101.19084168,-0.00763359,1437634193.412329,1
-1.11401368,-0.36328125,-1.55688477,39.64885331,-234.38168335,-0.00763359,1437634193.440777,1
-1.93530274,-0.00006104,-0.62695313,155.31297303,45.55725098,21.86259461,1437634193.470468,1
1.51806641,-1.98242188,-1.06933594,-228.67175293,-206.71755982,65.75572205,1437634193.474307,1
-1.67431641,-1.45214844,-1.1760254,-249.41984559,-33.60305405,1.19083965,1437634193.502681,1
-1.40478516,-1.20703125,-1.74804688,204.5038147,-58.16793824,-234.5038147,1437634193.562663,1
-1.37744141,-1.33154297,-1.86450196,73.86259461,-54.50381852,103.38931275,1437634193.592887,1
-0.26611329,-0.00006104,-1.64575196,184.870224,-76.36640931,-234.38168335,1437634193.651153,1
-0.00006104,-0.51904297,1.98291016,197.64884949,-185.22137452,36.97710038,1437634193.681208,1
-0.00006104,-1.12060547,1.66503907,176.65649415,-239.41984559,172.88549805,1437634193.711100,1
-0.09155274,-1.81396485,1.07519532,-243.38931275,244.94656373,-214.73281861,1437634193.772991,1
-0.76953125,-1.74584961,-1.59643555,187.11450196,205.69465638,-0.00763359,1437634193.802105,1
-0.1706543,-0.00006104,0.42041016,-195.72518921,158.16793824,-0.00763359,1437634193.861551,1
-0.00006104,-0.00006104,-1.42944336,-163.2671814,222.18321229,-109.19084168,1437634193.890953,1
-0.6604004,-0.00006104,-1.69702149,-227.43511963,247.69465638,-207.16030884,1437634193.951382,1
-1.54101563,-0.36767579,1.62622071,-244.47328187,249.80152894,-207.25190735,1437634193.981699,1
-1.51733399,-0.6081543,-1.99975586,-241.86259461,-246.39694214,-210.870224,1437634194.040449,1
-1.46337891,-1.05664063,-1.94750977,250.06106568,-249.98472596,-240.91603089,1437634194.071621,1
-1.69018555,-0.96191407,-1.96557618,-249.06869507,-249.98472596,-238.53434754,1437634194.101192,1
-1.67480469,-1.02197266,-1.95898438,-249.86259461,-249.61831666,-249.92366028,1437634194.161142,1
-1.66674805,-1.08032227,-1.94848633,247.02290345,249.28244019,-238.97709656,1437634194.191143,1
-1.69506836,-1.04467774,-1.94458008,242.870224,248.6412201,-243.89312745,1437634194.251807,1
-1.6550293,-1.0444336,-1.97167969,241.2671814,-246.79389954,-231.29771424,1437634194.281179,1
-1.68481446,-1.06030274,-1.92236329,231.98472596,244.56488038,-215.92366028,1437634194.341545,1
-1.74462891,-1.02661133,-1.95825196,232.09159852,229.80152894,-124.24427796,1437634194.371124,1
-1.69506836,-1.07519532,-1.9140625,214.93130494,212.67175293,-0.00763359,1437634194.431996,1
-1.91601563,-1.08740235,-1.80151368,201.1450348,172.33587647,-0.00763359,1437634194.491263,1
-1.89501954,-0.00006104,-1.76831055,100.61068726,142.36640931,-0.00763359,1437634194.521378,1
-1.15185547,-1.08251954,1.57421875,97.31298066,-234.5038147,8.2442751,1437634194.552837,1
-1.90966797,-1.34155274,-1.15844727,-246.1374054,3.75572515,97.17557526,1437634194.640490,1
1.15161133,-1.18554688,-1.03930665,-237.84733582,-194.44274903,33.19083787,1437634194.644446,1
-1.59277344,-1.25463868,-0.97216797,-239.61831666,-76.51908112,-234.5038147,1437634194.701152,1
-1.77197266,-1.47509766,-1.82397461,162.47328187,-56.8549614,13.96946526,1437634194.761285,1
-1.24194336,-1.02514649,-1.87792969,80.6412201,-117.98473359,25.20610619,1437634194.821432,1
-0.77392579,-0.00006104,1.91601563,180.62596131,-212.53434754,-234.5038147,1437634194.880268,1
-0.36889649,-0.81494141,1.9729004,-218.96183777,-134.36640931,-217.90840149,1437634194.884592,1
-0.00006104,1.87207032,1.12353516,219.32824708,-170.16793824,218.76335145,1437634194.942366,1
-0.01416016,-1.87573243,1.31884766,-92.24427796,225.6335907,-38.62595368,1437634194.972394,1
1.94726563,-1.78808594,-1.875,-238.12213135,245.52671814,-0.00763359,1437634195.001192,1
-0.00006104,-0.00006104,-1.9494629,-238.12213135,232.82443238,-18.1374054,1437634195.061975,1
-0.86206055,-0.00006104,-1.87182618,-212.74809266,-249.34350586,213.7709961,1437634195.091253,1
1.87890625,-0.06884766,-1.93408204,-248.70228577,-244.54962159,221.69465638,1437634195.151161,1
-1.62524415,-1.62402344,-1.94580079,-245.55725098,-248.59541321,222.15266419,1437634195.211280,1
-1.76220704,-1.19384766,-1.91088868,249.0076294,-247.7709961,237.84733582,1437634195.270825,1
-1.8479004,-1.12988282,-1.92651368,-246.35115052,249.60305787,-249.08396912,1437634195.300397,1
-1.71215821,-1.22558594,-1.92089844,-244.45800782,248.33587647,247.08396912,1437634195.331402,1
-1.75244141,-1.13769532,-1.94995118,-244.96183777,247.3740387,236.80915833,1437634195.361104,1
-1.71533204,-1.12573243,-1.94970704,249.48091126,249.0076294,-245.96946717,1437634195.421593,1
-1.69458008,-1.08447266,-1.95019532,245.87786866,-248.90075684,248.58015442,1437634195.451506,1
-1.69628907,-1.05981446,-1.95434571,235.55725098,246.68702698,-246.06106568,1437634195.511294,1
-1.68798829,-1.08081055,-1.94262696,221.49618531,234.09159852,-196.85496521,1437634195.541506,1
-1.9338379,-1.04882813,-1.9729004,233.19084168,222.15266419,-88.59542084,1437634195.600592,1
-1.89916993,-1.02661133,-1.83447266,-193.90840149,179.92366028,-0.00763359,1437634195.632255,1
-1.53735352,-0.97851563,1.99487305,-241.19084168,155.2671814,-0.00763359,1437634195.661210,1
-0.36669922,-0.00006104,-1.64648438,131.67938233,91.37404633,-0.00763359,1437634195.721628,1
1.41455079,-0.00006104,1.87695313,206.65649415,116.36640931,182.07633973,1437634195.780504,1
-0.48242188,-1.96655274,-0.65478516,190.25953675,112.41221619,27.98473359,1437634195.811623,1
1.07739258,-1.26147461,-1.35327149,-246.33587647,-127.23664094,44.6412201,1437634195.871619,1
-1.73242188,-1.36572266,-1.32983399,185.09924317,-93.46565247,41.43511582,1437634195.931567,1
-1.75610352,-1.28759766,-1.75292969,-225.09924317,-105.72518921,22.53435135,1437634195.960708,1
-1.27783204,-0.98559571,-1.88330079,35.95419693,-98.03053284,-229.87786866,1437634195.992776,1
-0.70556641,-0.00006104,1.90112305,130.04580689,-165.96946717,17.98473359,1437634196.053688,1
-0.42089844,-0.3894043,1.96215821,218.03053284,-143.70993042,-234.5038147,1437634196.082394,1
-0.38061524,-1.2253418,1.34106446,-246.51908875,-192.47328187,212.77862549,1437634196.112325,1
-0.21777344,-1.8815918,-1.81372071,-244.68702698,226.09159852,-141.69465638,1437634196.171292,1
-1.89208985,-0.89282227,1.85351563,-226.76335145,234.36640931,-140.30534363,1437634196.201205,1
-1.96289063,-0.34228516,1.99780274,-37.16030503,-243.89312745,231.32824708,1437634196.261268,1
-0.55566407,-1.91967774,1.81762696,-170.76335145,245.43511963,198.16793824,1437634196.291663,1
-1.96875,-0.40185547,-1.75366211,-237.28244019,244.82443238,-250.01527405,1437634196.351443,1
-1.4440918,-0.49340821,-1.76513672,-246.91603089,-219.11450196,-186.79389954,1437634196.381781,1
-1.29199219,-0.68334961,1.96435547,247.95419312,-248.44274903,-205.38931275,1437634196.440597,1
-1.5078125,-0.81542969,-1.9038086,249.66412354,-247.67938233,-220.56488038,1437634196.471529,1
-1.70166016,-0.99829102,-1.96948243,-244.38168335,246.48855591,-237.41984559,1437634196.501171,1
-1.71997071,-1.08789063,-1.92895508,249.45037842,244.42747498,-240.870224,1437634196.562592,1
-1.70556641,-1.09863282,-1.93261719,249.25190735,-248.5038147,-249.22137452,1437634196.591025,1
-1.71997071,-1.0690918,-1.9260254,249.46565247,-247.34350586,-247.35877991,1437634196.651755,1
-1.69238282,-1.06469727,-1.99536133,-246.79389954,-246.97709656,246.53434754,1437634196.711880,1
-1.69677735,-1.05810547,-1.94506836,-248.93130494,245.48091126,-246.42747498,1437634196.741302,1
-1.6916504,-1.02539063,-1.92675782,244.5038147,241.64884949,-243.92366028,1437634196.771208,1
-1.68847657,-1.05590821,-1.97705079,232.68702698,233.67938233,-161.20610047,1437634196.831330,1
-1.76025391,-1.17285157,-1.96923829,209.35877991,210.35115052,-45.43511582,1437634196.862615,1
-1.75708008,-0.89282227,-1.98046875,-204.65649415,164.36640931,-0.00763359,1437634196.921326,1
-1.3010254,-0.74902344,1.82592774,241.45037842,126.53434754,-0.00763359,1437634197.041421,1
-0.88891602,-0.39306641,-1.4572754,85.34351349,85.69465638,-139.90840149,1437634197.070725,1
-1.87011719,-1.92895508,-0.00006104,148.15266419,54.19847489,-234.5038147,1437634197.074536,1
1.4416504,-1.03857422,-1.09448243,-236.61068726,188.21374512,95.98473359,1437634197.102934,1
1.63598633,-1.89086915,-1.11083985,238.65649415,-83.7099228,58.58015442,1437634197.161037,1
-1.69458008,-1.35278321,-1.4416504,181.16030884,-51.52671814,11.29770947,1437634197.223218,1
-1.47094727,-1.16259766,-1.94482422,122.01526642,-116.38167573,67.95420075,1437634197.253023,1
-1.27270508,-0.6862793,1.98266602,153.02290345,-108.99236298,-234.5038147,1437634197.282029,1
-0.80126954,-0.6525879,-1.99487305,153.43511963,-143.2671814,61.74045945,1437634197.311651,1
-0.69921875,-1.24047852,1.4428711,100.54962159,-165.60305787,128.93130494,1437634197.341256,1
-0.00006104,-1.97631836,1.4885254,-198.45800782,-196.65649415,-222.93130494,1437634197.401538,1
-0.00006104,1.65429688,1.21411133,-22.93129731,-176.1374054,-225.35877991,1437634197.431354,1
0.45019532,-1.84814454,0.95947266,200.85496521,239.08396912,-1.63358784,1437634197.492445,1
-1.92675782,-0.00006104,1.16210938,-84.73282624,195.16030884,230.30534363,1437634197.521653,1
-1.31396485,-0.00006104,1.94091797,-181.75572205,231.7709961,-196.97709656,1437634197.581652,1
-1.39648438,-1.10766602,1.46362305,245.96946717,-242.77862549,-220.91603089,1437634197.641681,1
-1.53149415,-0.00006104,-1.7775879,-236.79389954,-249.66412354,-224.03053284,1437634197.701530,1
-1.57128907,-1.08251954,-1.86157227,-234.68702698,250.09159852,-243.75572205,1437634197.731003,1
-1.64086915,-1.09619141,1.85498047,-219.09924317,-243.57252503,230.18321229,1437634197.761336,1
-1.9519043,-0.9741211,-1.94873047,-241.6335907,247.48091126,235.35877991,1437634197.792059,1
-1.71240235,-1.2487793,-1.99511719,-244.91603089,-249.80152894,242.85496521,1437634197.851883,1
-1.72460938,-1.14941407,-1.9519043,246.38168335,248.07633973,246.19847107,1437634197.882691,1
-1.70605469,-1.07666016,-1.99804688,250.01527405,243.58778382,-248.35115052,1437634197.941452,1
-1.69653321,-1.07226563,-1.95947266,246.18321229,248.6412201,-236.01527405,1437634197.971483,1
-1.97875977,-1.9428711,-1.99609375,226.44274903,238.35115052,-215.92366028,1437634198.030432,1
-1.69873047,-1.07910157,-1.93969727,221.22137452,241.60305787,-243.6335907,1437634198.091509,1
-1.67431641,-0.91650391,-1.98999024,223.98472596,223.23664856,-80.71755982,1437634198.121010,1
-1.82666016,-1.13012696,-1.9519043,-220.82443238,188.10687256,-0.00763359,1437634198.152531,1
-1.47949219,-0.86840821,-1.61621094,211.96946717,173.4045868,-0.00763359,1437634198.212192,1
-0.3244629,-0.00006104,-1.47192383,32.58015442,130.6412201,-0.00763359,1437634198.271225,1
1.70654297,-0.00006104,1.38427735,208.59541321,59.90839768,51.72518921,1437634198.302805,1
-1.27612305,-1.14208985,-0.83178711,-248.61068726,212.62596131,-234.25953675,1437634198.332279,1
-1.89160157,-1.75268555,-0.79125977,-214.15266419,-125.95420075,-234.5038147,1437634198.362522,1
-1.65014649,-1.53344727,-1.62768555,192.48855591,-240.45800782,-234.5038147,1437634198.421375,1
-1.34228516,-1.22998047,-1.92895508,140.12213135,-122.54962159,-234.5038147,1437634198.451210,1
-1.50439454,-1.27587891,-1.86181641,-228.44274903,-54.32061005,32.97710038,1437634198.511099,1
-0.38208008,-0.00006104,-1.51123047,142.99237061,-107.90839386,-232.85496521,1437634198.544593,1
-0.3671875,-0.00006104,-1.68017579,149.11450196,-199.98472596,-228.18321229,1437634198.601652,1
-0.15820313,1.28222657,0.48291016,-192.07633973,247.17556763,-249.84733582,1437634198.660941,1
-1.89965821,-1.96215821,1.74707032,-0.00763359,188.42747498,215.48091126,1437634198.691513,1
0.10131836,-1.02832032,1.96777344,-154.870224,179.70993042,-3.63358784,1437634198.750561,1
-0.00006104,-0.00006104,-0.00006104,-176.12213135,204.44274903,-0.00763359,1437634198.810610,1
-0.00006104,-0.00006104,1.83081055,-215.78625489,241.96946717,-179.08396912,1437634198.814507,1
-1.3659668,-0.00006104,1.83105469,248.79389954,-243.86259461,-246.68702698,1437634198.874142,1
-1.2006836,-0.82495118,-1.98632813,-241.72518921,-247.54199219,-249.67938233,1437634198.930873,1
-1.5053711,-0.86889649,-1.94213868,245.4045868,250.09159852,235.06869507,1437634198.990533,1
-1.83618165,-0.93579102,1.97729493,246.18321229,-244.15266419,219.5114441,1437634198.994344,1
-1.5444336,-1.19555665,-1.95996094,-245.66412354,248.51908875,241.3740387,1437634199.050737,1
-1.65527344,-1.01928711,-1.96655274,249.43511963,250.07633973,239.34350586,1437634199.081437,1
-1.65771485,-1.01611329,-1.95922852,-249.57252503,-246.39694214,243.43511963,1437634199.113453,1
-1.64233399,-1.03808594,-1.96923829,249.98472596,246.97709656,-244.30534363,1437634199.201268,1
-1.68457032,-1.04272461,-1.98339844,248.41221619,-249.20610047,247.06869507,1437634199.230511,1
-1.64355469,-1.07421875,-1.96484375,-219.34350586,246.03053284,-244.62596131,1437634199.263459,1
-1.73339844,-1.03149415,-1.95532227,211.87786866,232.06106568,-205.48091126,1437634199.322465,1
1.74389649,-0.8803711,-1.93554688,239.25190735,222.15266419,-48.97710038,1437634199.410848,1
-1.91601563,-0.81079102,-1.26000977,-244.61068726,167.98472596,-0.00763359,1437634199.414691,1
-0.38256836,-0.00006104,-1.55810547,-230.30534363,-227.96946717,-0.00763359,1437634199.443111,1
1.08422852,-0.00006104,-1.74340821,-205.87786866,63.61832047,-0.00763359,1437634199.472884,1
-1.38916016,-1.18408204,-1.11401368,237.74046326,-84.56488801,46.87022782,1437634199.651919,1
-1.43090821,-1.33422852,-1.81884766,218.16793824,-78.56488801,33.72518921,1437634199.681014,1
-1.39990235,-1.28320313,1.92480469,101.92366791,-84.36640931,69.72518921,1437634199.711654,1
-0.96411133,-0.32983399,-1.77954102,144.36640931,-105.78626252,22.32061005,1437634199.743544,1
-0.37207032,-0.70874024,-1.85668946,101.00763703,-149.64884949,-231.74046326,1437634199.801816,1
-0.64404297,-1.10058594,1.86303711,116.67175293,-146.61068726,157.4045868,1437634199.832279,1
-0.12084961,-1.7084961,-1.81030274,214.47328187,246.83969117,228.12213135,1437634199.891780,1
-1.33496094,1.60791016,1.91870118,-89.64885712,-176.21374512,-228.5038147,1437634199.921342,1
-1.72949219,-1.76025391,-1.62280274,242.82443238,-224.22900391,-0.00763359,1437634199.981594,1
1.70874024,-0.65161133,0.33154297,-2.6717558,151.74046326,-89.7099228,1437634200.099510,1
-1.875,0.80078125,-1.86157227,-136.61068726,227.87786866,140.58015442,1437634200.102628,1
1.19726563,1.36181641,1.61035157,-211.66412354,-219.78625489,219.78625489,1437634200.131936,1
1.41137696,-1.74023438,-1.8947754,231.49618531,-245.70993042,248.45800782,1437634200.161315,1
-1.88354493,-1.57202149,1.91772461,-244.73281861,249.64884949,-219.86259461,1437634200.220273,1
-1.73046875,-1.13110352,-1.85253907,249.28244019,-247.12977601,-212.74809266,1437634200.249640,1
-1.97949219,-1.03564454,-1.96386719,248.91603089,-249.90840149,-220.25953675,1437634200.310259,1
-1.63256836,-0.99511719,-1.96215821,-247.7709961,-247.16030884,-226.32061768,1437634200.369585,1
-1.61499024,-1.9375,-1.99414063,-247.09924317,249.4045868,-229.57252503,1437634200.372569,1
-1.68286133,-0.97485352,-1.95996094,248.83969117,243.58778382,-233.17556763,1437634200.432191,1
-1.6484375,-1.04809571,-1.97436524,-245.78625489,-248.80915833,-248.29006959,1437634200.491691,1
-1.62744141,-1.03588868,-1.96142579,246.93130494,246.56488038,-235.87786866,1437634200.520927,1
-1.67260743,-1.04882813,-1.95385743,229.03816224,240.16793824,-235.17556763,1437634200.550958,1
-1.6550293,-1.12329102,-1.95166016,212.25953675,230.5038147,-202.93130494,1437634200.581215,1
-1.79394532,-1.06811524,-1.92431641,226.80915833,220.70228577,-114.61068726,1437634200.640604,1
-1.9572754,-1.18457032,-1.94311524,228.41221619,189.49618531,-0.00763359,1437634200.671054,1
-1.44995118,-1.12182618,1.86572266,230,168.18321229,-0.00763359,1437634200.762446,1
-0.40234375,-0.00006104,-1.88793946,78.73282624,143.7709961,-0.00763359,1437634200.821233,1
-1.37939454,-0.06445313,1.9104004,184,-234.5038147,222.68702698,1437634200.850509,1
-1.29980469,-1.33056641,-1.66381836,-226.35115052,124.90076447,-234.5038147,1437634200.854680,1
1.8166504,-1.73803711,-0.9284668,248.68702698,-248.35115052,7.4961834,1437634200.911403,1
-2,-1.51416016,-1.4116211,239.58778382,-112.47328187,-234.5038147,1437634201.031792,1
-1.65185547,-1.49414063,-1.9741211,133.03816224,-92.58015442,15.19083977,1437634201.091278,1
-1.26464844,-1.00708008,-1.72460938,66.94656373,-123.19084168,52.67175675,1437634201.150363,1
-0.78173829,-0.00006104,-1.85668946,122.03053284,-131.96946717,-234.5038147,1437634201.181278,1
-0.00006104,-0.02368165,-0.52661133,206.04580689,-163.22137452,-234.5038147,1437634201.186176,1
-0.00006104,1.15942383,0.52050782,147.46565247,-165.45037842,235.08396912,1437634201.214143,1
-0.00006104,-1.77441407,1.43603516,-138.96183777,-207.92366028,-182.12213135,1437634201.242818,1
0.81079102,-0.86425782,-1.35473633,236.74809266,207.29771424,-0.00763359,1437634201.272183,1
-1.73168946,-0.33691407,1.4416504,-133.23664856,205.0076294,-56.2748108,1437634201.362361,1
1.68237305,-1.47119141,1.80566407,-136.56488038,220.09159852,-63.26717377,1437634201.482052,1
1.74047852,-1.05981446,1.76147461,209.57252503,249.52671814,-220.2748108,1437634201.513008,1
1.73388672,-0.96142579,-1.95800782,-233.23664856,242.79389954,-231.02290345,1437634201.541325,1
-1.81103516,-1.53466797,1.88647461,-245.2671814,-246.85496521,-237.69465638,1437634201.546652,1
-1.73925782,-1.11108399,-1.84570313,-249.64884949,249.80152894,-226.10687256,1437634201.573029,1
-1.77172852,-1.09228516,-1.96972657,244.47328187,241.61831666,-237.29771424,1437634201.602458,1
-1.68115235,-1.09741211,-1.9453125,249.17556763,248.51908875,-249.05343628,1437634201.632114,1
-1.69848633,-1.06689454,-1.97314454,-249.11450196,247.1450348,-240.01527405,1437634201.661714,1
-1.67456055,-1.05444336,-1.96240235,-249.66412354,247.06869507,-247.03816224,1437634201.691422,1
-1.67236329,-1.05273438,-1.97705079,-249.58778382,-247.87786866,-248.41221619,1437634201.753020,1
-1.67456055,-1.04711915,-1.97949219,249.16030884,248.44274903,-242.79389954,1437634201.782662,1
-1.69140625,-1.02270508,-1.96484375,-219.87786866,247.49618531,-241.1450348,1437634201.844898,1
-1.69775391,-1.08837891,-1.95458985,207.0076294,231.08396912,-190.58015442,1437634201.871574,1
-1.98095704,-1.02490235,-1.99536133,226.99237061,206.70228577,-28.33587838,1437634201.931906,1
-1.92895508,-1.10253907,-1.88867188,247.41984559,159.11450196,-0.00763359,1437634201.961571,1
-0.9440918,-0.18432618,-1.64282227,219.67938233,-227.20610047,-0.00763359,1437634202.021756,1
-1.02856446,-0.65649415,-1.67919922,126.73282624,82.54962159,-122.09160615,1437634202.051416,1
-0.00006104,-0.80444336,1.73950196,76.87023163,94.45801545,-234.5038147,1437634202.111782,1
1.18164063,-1.77026368,-1.0744629,234.38168335,191.92366028,114.53434754,1437634202.141481,1
1.37182618,-1.16479493,-1.03833008,-248.77862549,-54.90076447,52.24427414,1437634202.201676,1
-1.52514649,-1.96264649,-1.68261719,178.25953675,-58.1374054,33.86259461,1437634202.231468,1
-1.32495118,-0.92871094,-1.94873047,114.80915833,-104.67175293,18.09160233,1437634202.291305,1
-1.43823243,-0.76635743,-1.99291993,146.2748108,-74.76335907,-234.5038147,1437634202.323292,1
-0.27172852,-0.30761719,-1.6135254,247.20610047,-130.39694214,105.89312745,1437634202.381852,1
-0.00006104,-1.50610352,1.92700196,116.41221619,-168.16793824,154.83969117,1437634202.411437,1
-0.14331055,-1.73657227,1.47045899,-152.67175293,-224.96183777,-216.04580689,1437634202.471487,1
-1.92626954,1.88500977,1.8881836,-37.60305405,-232.35115052,236.6412201,1437634202.502777,1
1.77832032,-0.00006104,-1.875,-220.5038147,189.28244019,-0.00763359,1437634202.561811,1
-0.39453125,-0.00006104,-1.29345704,-140.82443238,228.30534363,-236.76335145,1437634202.592267,1
-0.68969727,-0.31030274,-1.97827149,248.38168335,-219.34350586,-199.72518921,1437634202.652756,1
-1.58569336,-0.32861329,-1.64404297,-240.03053284,-249.43511963,-233.34350586,1437634202.682797,1
-1.65747071,-0.93066407,1.99731446,-249.90840149,-245.72518921,233.19084168,1437634202.741797,1
-1.68798829,-0.97631836,-1.95019532,-242.53434754,249.66412354,244,1437634202.771499,1
-1.64892579,-1.2084961,-1.86035157,247.48091126,-247.29771424,-241.25190735,1437634202.830624,1
-1.69091797,-1.08129883,-1.94580079,248.56488038,248.1374054,-219.2671814,1437634202.861670,1
-1.68115235,-1.07055665,-1.93994141,247.58778382,245.52671814,247.31297303,1437634202.893234,1
-1.66870118,-1.04296875,-1.9494629,-243.96946717,249.25190735,-245.92366028,1437634202.951413,1
-1.64111329,-1.9350586,1.9182129,242.1374054,249.6335907,-243.17556763,1437634202.983186,1
-1.69848633,-0.91601563,-1.94824219,246.67175293,248.77862549,243.96946717,1437634203.041921,1
-1.66137696,-1.03393555,-1.95336915,-218.88549805,-219.55725098,-243.72518921,1437634203.073751,1
-1.66699219,-1.01684571,-1.96606446,244.19847107,246.70228577,-239.25190735,1437634203.131454,1
-1.65722657,-1.07836915,-1.99804688,229.16030884,239.4045868,-232.65649415,1437634203.163161,1
-1.70483399,-1.04272461,-1.93457032,212.91603089,223.5114441,-178.76335145,1437634203.221967,1
-1.7463379,-0.77783204,-1.90063477,232.09159852,212.67175293,-30.36641312,1437634203.253561,1
-1.60791016,-1.91894532,-1.59155274,-241.19084168,173.78625489,-0.00763359,1437634203.312245,1
-0.67309571,-0.06347657,1.80297852,-230.65649415,150.67175293,-0.00763359,1437634203.345496,1
-1.01049805,-0.65942383,1.99658204,178.19847107,137.03816224,-129.41984559,1437634203.401528,1
-1.83862305,-0.00006104,-1.39086915,138.24427796,150.80915833,-234.5038147,1437634203.433337,1
-1.97265625,-1.70776368,-0.91259766,-179.35877991,-245.90840149,56.30534363,1437634203.493968,1
-1.60302735,-1.63354493,-1.95825196,-236.79389954,-127.75572205,-234.5038147,1437634203.523401,1
-1.47802735,-1.42236329,-1.66674805,241.61831666,-124.25954438,24.65648842,1437634203.581589,1
-1.08447266,-1.09399415,-1.66381836,187.17556763,-153.11450196,9.93893147,1437634203.613529,1
-1.05493165,-0.8022461,-1.76757813,176.30534363,-142.83969117,58.87022782,1437634203.670601,1
-0.72753907,-1.90332032,-1.81469727,199.78625489,-170.35115052,71.40457917,1437634203.704593,1
-0.00006104,-0.5600586,1.61499024,149.45037842,-86.29007721,-227.12977601,1437634203.733694,1
-0.63183594,1.64013672,0.93261719,137.96946717,-186.58015442,184.54962159,1437634203.793601,1
-0.52246094,-1.95410157,1.80908204,-162.33587647,-187.45037842,-207.90840149,1437634203.824541,1
1.72314454,-1.84204102,-1.84179688,-104.90076447,-153.67938233,-220.19847107,1437634203.881484,1
-0.00006104,-1.68237305,1.27294922,-185.38931275,208.25953675,-65.52671814,1437634203.913732,1
-1.875,1.1838379,-1.75366211,-178.71755982,214.82443238,-0.00763359,1437634203.971151,1
0.93334961,1.26416016,1.7463379,189.34350586,247.08396912,-102.38167573,1437634204.004630,1
-1.89160157,-1.39892579,-1.71728516,-235.25190735,249.5114441,-217.46565247,1437634204.092828,1
-1.99609375,-1.40429688,-1.8803711,-243.92366028,-245.98472596,-207.28244019,1437634204.121583,1
-1.75366211,-1.29125977,-1.99072266,-219.05343628,-243.25190735,-243.17556763,1437634204.151519,1
-1.73925782,-1.1081543,-1.95654297,-248.5038147,245.70993042,-228.70228577,1437634204.183233,1
-1.71142579,-1.06420899,-1.96069336,-219.0076294,-247.09924317,-243.49618531,1437634204.241544,1
-1.6994629,-1.06982422,-1.99780274,-247.2671814,243.25190735,-241.81678772,1437634204.302404,1
-1.69702149,-1.06298829,-1.96313477,-248.97709656,-247.06869507,-244.29006959,1437634204.333437,1
-1.69335938,-1.94091797,-1.97705079,-247.09924317,-247.64884949,-249.81678772,1437634204.365020,1
-1.69702149,-1.04785157,-1.98803711,-246.61068726,243.16030884,-241.74046326,1437634204.422978,1
-1.68457032,-1.05493165,-1.96923829,245.5114441,-248.22900391,-249.83206177,1437634204.482685,1
-1.68212891,-1.0432129,-1.97998047,244.56488038,242.53434754,-249.5114441,1437634204.512539,1
-1.69628907,-1.03930665,-1.97265625,244.04580689,245.2671814,240.54962159,1437634204.543923,1
-1.73901368,-1.15014649,-1.92871094,186.42747498,215.64884949,-192.6412201,1437634204.602575,1
1.90307618,-0.90869141,-1.90966797,243.0076294,188.59541321,-0.00763359,1437634204.663232,1
-1.97998047,-1.13476563,-1.82470704,-187.80152894,161.09924317,-0.00763359,1437634204.692061,1
-0.69775391,-0.00006104,-1.53369141,159.03816224,93.67938996,-92.29007721,1437634204.723641,1
-0.88574219,-0.90869141,-0.00006104,-222.71755982,2.82442737,-234.5038147,1437634204.812239,1
1.32177735,-1.07397461,-1.24121094,206.5038147,140.36640931,111.16030884,1437634204.841971,1
-1.7307129,-1.50830079,-0.71606446,-217.0076294,-130.38168335,78.65648652,1437634204.871495,1
-1.69799805,-1.42700196,-1.29760743,-221.93893433,-0.00763359,83.17557526,1437634204.904015,1
-1.22192383,-1.2229004,-1.38549805,220.09159852,-0.00763359,125.64885712,1437634204.961553,1
-0.54370118,-0.3359375,-1.7307129,-219.12977601,-58.94656373,64.30534363,1437634205.022985,1
-0.72143555,-1.12280274,-1.79052735,202.90075684,-154.83969117,148.2748108,1437634205.082468,1
-0.00006104,-1.59204102,-1.83911133,138.07633973,-249.45037842,178.16793824,1437634205.111423,1
-1.05981446,-0.76855469,1.68115235,118.76335907,-226.91603089,142.85496521,1437634205.142264,1
-1.02294922,-1.61694336,-1.92529297,183.19084168,-183.75572205,219.25190735,1437634205.171647,1
-1.24023438,-1.46044922,-1.57958985,-165.11450196,-71.5725174,-153.93893433,1437634205.231679,1
-0.97973633,-1.45410157,1.9350586,-77.0687027,-61.55725098,-201.83206177,1437634205.261507,1
-1.83422852,-1.91699219,0.92504883,-209.80152894,219.75572205,-0.00763359,1437634205.321663,1
-0.00006104,-0.00006104,1.32592774,209.81678772,-249.75572205,-25.02290154,1437634205.351684,1
-0.00006104,-1.45922852,-1.09399415,-186.19847107,217.29771424,-186.870224,1437634205.413902,1
1.88427735,-0.83569336,1.87792969,-236.65649415,242.91603089,246.82443238,1437634205.443129,1
-1.66748047,-1.42504883,1.94921875,248.83969117,-249.55725098,-247.06869507,1437634205.501914,1
-1.97363282,-1.03466797,-1.80957032,245.06869507,-246.90075684,-241.32824708,1437634205.531537,1
-1.78295899,-1.02368165,-1.96191407,227.69465638,-249.96946717,239.60305787,1437634205.593776,1
-1.98046875,-1.11840821,-1.96655274,192,-235.41984559,212.07633973,1437634205.621739,1
-1.72094727,-0.97485352,-1.87158204,239.66412354,-249.83206177,-249.90840149,1437634205.655215,1
-1.69775391,-0.95532227,-1.87597657,-240.93130494,-219.19084168,-236.15266419,1437634205.711609,1
-1.78637696,-1.10351563,-1.89184571,-226.38168335,245.80152894,-248.74809266,1437634205.743974,1
-1.73803711,-1.05908204,-1.90747071,-229.70993042,248.94656373,-229.78625489,1437634205.801918,1
-1.69824219,-1.03271485,-1.91210938,-237.61831666,249.5114441,-233.25190735,1437634205.834554,1
-1.69897461,-1.93969727,-1.92260743,-245.54199219,249.81678772,248.76335145,1437634205.892006,1
-1.69775391,-1.06372071,-1.93847657,-246.83969117,-247.75572205,-243.69465638,1437634205.923654,1
-1.70434571,-1.05932618,-1.93115235,249.0076294,248.82443238,-248.94656373,1437634205.981341,1
-1.71606446,-1.07299805,-1.92358399,244.61068726,243.55725098,-240.01527405,1437634206.043158,1
-1.70898438,-1.0666504,-1.93188477,249.92366028,241.1450348,-229.43511963,1437634206.072883,1
-1.65454102,-1.08007813,-1.91967774,247.02290345,245.17556763,-249.3740387,1437634206.133343,1
-1.66625977,-1.0222168,-1.9128418,245.70993042,243.83206177,-207.17556763,1437634206.162247,1
-1.77246094,-1.03710938,-1.93237305,214.16793824,223.06869507,-104.6412201,1437634206.223372,1
-1.85791016,-0.93798829,-1.98828125,200.15266419,-221.66412354,-5.87022925,1437634206.252994,1
-1.43066407,-0.87329102,-1.90405274,-228.2748108,213.17556763,-0.00763359,1437634206.314178,1
-1.16674805,-0.68798829,-1.47705079,246.76335145,178.30534363,-0.00763359,1437634206.371567,1
-1.31884766,-0.74194336,1.77832032,-160.41221619,116.83969117,243.20610047,1437634206.400876,1
-1.94360352,-0.29296875,-1.59570313,220.47328187,157.38931275,69.00763703,1437634206.432826,1
-1.85595704,-1.1147461,-0.91333008,-142.5038147,-240.68702698,22.54961777,1437634206.463250,1
-1.62548829,-1.55444336,-0.9987793,-97.11450196,-106.99236298,1.67938936,1437634206.552568,1
-1.28442383,-1.7800293,-1.32324219,-197.7709961,-238.24427796,52.09160233,1437634206.582173,1
-0.71289063,-1.18139649,-1.36376954,205.81678772,-98.35114289,87.34351349,1437634206.611263,1
-0.5991211,-1.17773438,-1.36816407,236.65649415,-242.90075684,122.58015442,1437634206.643558,1
-0.83520508,-1.32202149,-1.16552735,248.61068726,-88.51908112,168.24427796,1437634206.703470,1
-0.94018555,-1.04272461,-1.12695313,-245.57252503,-0.00763359,158.2748108,1437634206.733440,1
-1.18432618,-1.06689454,1.91845704,-172.870224,-0.00763359,-205.55725098,1437634206.763687,1
-0.1057129,-1.73925782,-1.9807129,-208.21374512,-0.00763359,205.57252503,1437634206.823234,1
-0.50952149,-1.60424805,1.84228516,214.16793824,-100.99236298,-238.97709656,1437634206.853502,1
0.28564454,-1.90771485,-1.875,187.48091126,225.16030884,-0.00763359,1437634206.913757,1
-1.83032227,1.34741211,-0.07177735,-243.5114441,218.44274903,-108.83969117,1437634206.972814,1
-0.29785157,-0.00006104,0.98095704,-155.58778382,-247.46565247,-228.2748108,1437634207.031554,1
-1.59399415,-0.73168946,1.5847168,-221.74046326,-248.82443238,247.4045868,1437634207.091476,1
-1.77246094,-0.65869141,1.97509766,-226.30534363,-240.79389954,-249.84733582,1437634207.120893,1
-1.63891602,-1.02026368,-1.9663086,249.35877991,249.28244019,-219.28244019,1437634207.124603,1
-1.70922852,-1.95239258,-1.89086915,247.98472596,-249.0076294,-225.74046326,1437634207.181595,1
-1.73046875,-1.93676758,-1.95361329,-240.91603089,250.03053284,-236.6412201,1437634207.213853,1
-1.72192383,-1.06420899,-1.94897461,-244,246.76335145,-247.06869507,1437634207.272648,1
-1.69140625,-1.04541016,1.98999024,-248.76335145,248.44274903,249.35877991,1437634207.304232,1
-1.70678711,-1.04125977,-1.98339844,-247.66412354,-243.52671814,-250.06106568,1437634207.361583,1
-1.68896485,-1.03979493,-1.97631836,249.84733582,245.81678772,-242.94656373,1437634207.393848,1
-1.69384766,-1.05639649,-1.97192383,247.38931275,248.76335145,-249.02290345,1437634207.451288,1
-1.68432618,-1.05737305,-1.9572754,249.74046326,-244.85496521,247.1450348,1437634207.483496,1
-1.68066407,-1.0209961,-1.98486329,240.97709656,-245.02290345,242.90075684,1437634207.541390,1
-1.63745118,-1.01025391,-1.97363282,-250.04580689,246.59541321,241.43511963,1437634207.573361,1
-1.6694336,-1.03564454,-1.98217774,-247.64884949,-246.5038147,-246.99237061,1437634207.633139,1
-1.6796875,-1.03588868,-1.98217774,-249.38931275,-249.23664856,242.65649415,1437634207.663256,1
-1.67822266,-1.05664063,-1.9650879,-249.48091126,248.74809266,240.58015442,1437634207.721625,1
-1.68774415,-1.03930665,-1.96948243,249.69465638,-250.07633973,247.1450348,1437634207.753815,1
-1.65356446,-1.03247071,-1.96948243,245.98472596,245.67938233,-245.64884949,1437634207.841606,1
-1.56494141,-1.07202149,-1.99511719,249.66412354,243.19084168,248.35115052,1437634207.871651,1
-1.76733399,-1.12646485,-1.94702149,230.48855591,232.82443238,-97.26717377,1437634207.901566,1
-1.86743165,-0.2072754,-1.61914063,-221.19084168,213.72518921,-21.93893052,1437634207.933825,1
-1.39868165,-0.35766602,-1.62817383,-158.47328187,184.24427796,-0.00763359,1437634208.021451,1
-1.37719727,-0.78930665,-1.59594727,-83.7099228,144.5038147,-37.22137452,1437634208.051174,1
-1.89624024,-1.54516602,-1.37573243,-187.70993042,234.97709656,-234.5038147,1437634208.081753,1
-1.77905274,-1.64697266,-1.37817383,-244.6412201,-183.09924317,138.35115052,1437634208.111397,1
-1.49707032,-1.75048829,-1.94824219,-192.76335145,-100.44274903,67.25190735,1437634208.201983,1
-1.58984375,-1.96118165,-1.1772461,-209.3740387,-0.00763359,98.97709656,1437634208.231608,1
-1.93579102,-1.37841797,-1.11157227,-232.1374054,-0.00763359,123.72518921,1437634208.261611,1
-0.80151368,-1.9519043,-1.12304688,-248.01527405,-0.00763359,140.39694214,1437634208.291447,1
-0.58325196,-1.19335938,-1.18774415,239.34350586,-9.87786294,-224.93130494,1437634208.382188,1
-0.73876954,-1.94091797,-1.55786133,212.65649415,-77.2061081,148.19847107,1437634208.411513,1
-1.06591797,-1.04077149,-1.66625977,234.68702698,-85.32824708,188.24427796,1437634208.441907,1
-0.64428711,-1.27441407,1.97094727,199.16030884,-95.96946717,157.87786866,1437634208.471727,1
-0.86987305,-1.50976563,-1.76147461,-221.20610047,-148.04580689,-238.22900391,1437634208.532361,1
-0.75878907,-1.52294922,1.87890625,-198.73281861,-245.08396912,-176.19847107,1437634208.561722,1
-1.94702149,-1.60107422,-1.80541993,-111.2061081,-110.35114289,-190.97709656,1437634208.622471,1
-1.875,-0.18872071,-1.875,-245.66412354,170.15266419,-178.2748108,1437634208.654843,1
-1.92895508,-1.3166504,-0.00006104,-142.82443238,243.19084168,-120.09160615,1437634208.711807,1
-0.69335938,-1.46411133,-1.98583985,-245.12977601,242.58015442,-138.24427796,1437634208.741845,1
-1.55273438,-1.49267579,-1.51367188,246.97709656,245.20610047,216.29006959,1437634208.801836,1
1.89453125,-1.95117188,1.95874024,243.90840149,-248.77862549,221.80152894,1437634208.862075,1
-1.78393555,-1.27392579,-1.99536133,-244.870224,-249.58778382,237.90840149,1437634208.891996,1
-1.72778321,-1.15991211,-1.97167969,-249.41984559,-244.870224,233.34350586,1437634208.921586,1
-1.74389649,-1.23632813,-1.87792969,-245.41984559,-244.15266419,243.1450348,1437634208.982337,1
-1.70361329,-1.13720704,-1.98535157,246.38168335,-248.53434754,237.08396912,1437634209.012286,1
-1.71313477,-1.06396485,-1.97802735,249.98472596,248.51908875,-243.98472596,1437634209.071908,1
-1.68798829,-1.0600586,-1.97900391,-250.06106568,249.08396912,249.12977601,1437634209.101645,1
-1.69213868,-1.05712891,-1.98120118,-248.61068726,249.23664856,-248.65649415,1437634209.161792,1
-1.69116211,-1.05834961,-1.97070313,-250.12213135,-244.44274903,249.75572205,1437634209.192175,1
-1.6862793,-1.05444336,-1.97436524,245.38931275,246.36640931,-245.81678772,1437634209.251841,1
-1.71166993,-1.12182618,-1.9963379,248.79389954,-246.29006959,247.61831666,1437634209.282489,1
-1.68017579,-1.08081055,-1.96069336,223.38931275,242.44274903,-238.56488038,1437634209.311833,1
-1.77636719,-1.05004883,-1.95483399,214.10687256,220.1374054,-241.2671814,1437634209.372054,1
-1.88330079,-0.99853516,-1.97827149,235.92366028,205.0076294,-0.00763359,1437634209.401761,1
-1.61572266,-1.04541016,-1.85717774,242.90075684,174.16793824,-0.00763359,1437634209.462044,1
-1.00292969,-0.86840821,-1.68188477,209.0076294,138.70228577,-0.00763359,1437634209.522023,1
-1.05932618,-1.04785157,-1.78491211,17.52671814,34.94656373,-185.19084168,1437634209.551928,1
-0.04370118,-1.59887696,-1.66625977,-228.80915833,127.19084168,0.22900764,1437634209.582056,1
1.6916504,-0.88720704,-0.71972657,-210.04580689,247.74046326,84.24427796,1437634209.641963,1
-1.9506836,-1.22583008,-1.57299805,188.91603089,-208.29006959,14.56488514,1437634209.671673,1
-1.8503418,-1.38525391,-1.98461915,118.82442475,-208.39694214,29.87786294,1437634209.731623,1
-1.8010254,-1.25756836,-1.90527344,59.87786103,-140.41221619,111.29770661,1437634209.761525,1
-1.31274415,-0.12792969,1.98168946,115.0687027,-153.58778382,35.95419693,1437634209.821793,1
-1.93945313,-0.19897461,1.50244141,138.45800782,-156.39694214,35.46564866,1437634209.851747,1
-1.88085938,-1.17773438,1.97900391,180.44274903,-184.25953675,215.87786866,1437634209.911947,1
-0.00006104,-1.83203125,1.34643555,-175.09924317,-173.57252503,235.67938233,1437634209.942874,1
-0.45483399,1.68334961,1.0041504,-78.24427796,-219.4045868,-224.88549805,1437634210.001734,1
1.81591797,-0.92626954,-1.5913086,196.1374054,-219.31297303,-121.31298066,1437634210.032340,1
1.99462891,-0.09155274,1.44213868,-98.97709656,208.03053284,72.54962159,1437634210.091527,1
1.28637696,-1.33007813,1.83032227,-148.29006959,249.12977601,189.52671814,1437634210.121814,1
-1.39624024,-0.77124024,0.94897461,159.67938233,246.97709656,239.16030884,1437634210.182230,1
-1.58691407,-1.44067383,1.84716797,239.16030884,248.73281861,224.56488038,1437634210.211816,1
-1.85620118,-0.90136719,-1.83251954,-218.91603089,-247.75572205,225.22137452,1437634210.272264,1
-1.98608399,-1.94580079,-1.96386719,-246.56488038,-249.78625489,236.42747498,1437634210.301728,1
-1.69921875,-1.13208008,-1.99707032,248.42747498,-248.51908875,232.42747498,1437634210.361629,1
-1.72167969,-1.0847168,-1.9584961,-249.60305787,247.72518921,-250.10687256,1437634210.391705,1
-1.68579102,-1.06713868,-1.97363282,249.69465638,246.88549805,246.85496521,1437634210.452075,1
-1.68847657,-1.06811524,-1.95117188,249.93893433,245.72518921,244.54962159,1437634210.481982,1
-1.97802735,-1.04223633,-1.97070313,248.51908875,247.16030884,247.61831666,1437634210.541885,1
-1.6916504,-1.06689454,-1.95019532,243.92366028,-249.22137452,-242.01527405,1437634210.571689,1
-1.66381836,-1.04077149,-1.94848633,234.10687256,243.4045868,-218.88549805,1437634210.632248,1
-1.70654297,-1.06713868,-1.99584961,-220.77862549,231.45037842,-218.42747498,1437634210.661687,1
-1.84863282,-1.01806641,-1.93212891,217.89312745,213.49618531,-115.67938996,1437634210.752070,1
-1.46142579,-1.16113282,-1.90234375,198.36640931,174.76335145,-0.00763359,1437634210.781442,1
-1.31567383,-1.20922852,-1.94970704,208.79389954,167.2671814,-0.00763359,1437634210.812029,1
-0.80957032,-0.00006104,-1.70385743,34.04580308,106.10687256,-0.00763359,1437634210.841712,1
-1.1640625,-0.03393555,1.79125977,-231.60305787,-234.5038147,0.76335878,1437634210.901618,1
-1.75878907,-0.00854493,-1.36132813,204.54962159,23.25190926,120.5038147,1437634210.932709,1
1.8479004,-1.28515625,-0.76464844,-225.34350586,-164.85496521,68.87023163,1437634210.992158,1
-1.67041016,-1.50976563,-1.1838379,220.67175293,-87.26717377,51.19083787,1437634211.021739,1
-1.52929688,-1.30932618,-1.99340821,155.17556763,-139.25190735,47.34350968,1437634211.082438,1
-1.17651368,-1.0053711,-1.89941407,84.73282624,-143.98472596,66,1437634211.111704,1
-0.91918946,-0.36743165,1.97949219,76.33587647,-223.67938233,18.5648861,1437634211.201966,1
-1.09204102,-0.52392579,1.70703125,127.58778382,192.25953675,-231.54199219,1437634211.231481,1
-0.37939454,-1.15478516,1.72070313,148.42747498,-247.22137452,120.96183014,1437634211.262432,1
-0.84497071,-1.57299805,0.82055665,-197.08396912,-168.83969117,-248.01527405,1437634211.293635,1
-1.92944336,-1.53466797,1.72607422,-49.74045945,-147.75572205,-248.62596131,1437634211.351897,1
-1.87744141,-0.63745118,1.9494629,-190.2748108,-225.54199219,-80.7022934,1437634211.381737,1
1.62988282,-1.08813477,0.81689454,-202.39694214,231.46565247,-87.22137452,1437634211.442132,1
-1.4194336,-1.1525879,-1.29809571,-58.07633591,234.74809266,170.56488038,1437634211.471706,1
-1.73022461,-1.87231446,1.88793946,-150.96183777,247.89312745,-231.95419312,1437634211.532132,1
0.9272461,1.94628907,-1.61059571,-238.29006959,-243.57252503,-226,1437634211.590838,1
-1.89111329,1.83032227,-1.75756836,-247.4045868,-249.48091126,202.1374054,1437634211.622091,1
1.9831543,-1.39746094,-1.95654297,-249.69465638,248.32061768,-221.31297303,1437634211.651749,1
-1.85644532,-1.26391602,-1.93457032,-249.5114441,249.58778382,235.84733582,1437634211.711728,1
-1.77441407,-1.2175293,-1.95996094,-246.24427796,-246.39694214,233.28244019,1437634211.741476,1
-1.72192383,-1.09814454,-1.96411133,-249.16030884,-246.47328187,244.65649415,1437634211.802217,1
-1.68774415,-1.09033204,-1.97045899,245.02290345,-248.76335145,246.41221619,1437634211.861339,1
-1.67333985,-1.07836915,-1.96459961,-219.03816224,-245.69465638,242.04580689,1437634211.891705,1
-1.66088868,-1.04418946,-1.96191407,244.77862549,-219.16030884,246.1374054,1437634211.921563,1
-1.64746094,-1.06274415,-1.96679688,234.32061768,244.76335145,-242.39694214,1437634211.982060,1
-1.65429688,-1.04003907,-1.9428711,205.87786866,226.32061768,-183.34350586,1437634212.011806,1
1.94042969,-0.87939454,-1.92578125,239.08396912,209.35877991,-34.82442856,1437634212.071660,1
-1.74316407,-1.15063477,-1.74560547,202.36640931,110.77862549,-0.00763359,1437634212.101592,1
-0.76147461,-0.00006104,-1.34863282,226.29006959,111.23664094,-0.00763359,1437634212.162085,1
-1.39282227,-0.86669922,-1.46313477,-225.11450196,0.27480916,-77.31298066,1437634212.191778,1
-0.00006104,-0.73999024,1.1291504,68.35114289,30.33587838,-234.5038147,1437634212.251971,1
1.88183594,1.88964844,-0.91845704,200.10687256,-223.92366028,83.2061081,1437634212.311891,1
1.87841797,-1.3203125,-1.27392579,177.28244019,-121.87786103,55.34350968,1437634212.372281,1
-1.76000977,-1.1550293,-1.98022461,108.83969117,-153.29771424,38.61068726,1437634212.401613,1
-1.59399415,-0.87280274,-1.9650879,90.62595368,-155.25190735,47.80152512,1437634212.431868,1
-1.26464844,-0.25732422,1.45605469,60.25954056,-214.03053284,42.79389191,1437634212.461730,1
-0.84765625,-0.17358399,-1.99414063,102.33587647,-135.4045868,68.06106568,1437634212.522162,1
-0.68872071,-1.19189454,1.33398438,174.42747498,-175.72518921,123.92366791,1437634212.551507,1
-0.66870118,-1.87622071,0.83837891,-209.60305787,-227.89312745,-240.5038147,1437634212.612135,1
-0.76416016,-1.69506836,1.63867188,-241.83206177,-177.92366028,-215.52671814,1437634212.641743,1
1.89501954,-1.49169922,-1.80908204,215.61831666,-195.09924317,-28.88549614,1437634212.732031,1
-1.36572266,-0.00006104,0.58447266,-247.67938233,-246.77862549,-37.61832047,1437634212.761529,1
-0.44799805,-0.00006104,1.39013672,-190.12213135,230.5038147,-94,1437634212.792505,1
-1.0144043,-0.08251954,1.99169922,242.03053284,242.74809266,-231.16030884,1437634212.821844,1
-1.05639649,-0.27905274,-1.88745118,-219.6335907,-250.07633973,-218.06106568,1437634212.882312,1
-1.58007813,-0.6135254,-1.87524415,-248.19847107,-249.29771424,-246.71755982,1437634212.911597,1
-1.62060547,-1.00463868,-2,249.02290345,246.38168335,-240.67175293,1437634212.971830,1
-1.65795899,-0.9831543,-1.91772461,-249.95419312,-248.74809266,-239.6335907,1437634213.001746,1
-1.65966797,-1.00903321,-1.9584961,-249.02290345,249.4045868,-249.38931275,1437634213.092285,1
-1.70043946,-1.02172852,-1.95043946,-248.85496521,248.33587647,247.58778382,1437634213.121595,1
-1.67651368,-1.06835938,-1.99682618,-244.71755982,245.23664856,-242.82443238,1437634213.152139,1
-1.67578125,-0.98706055,-1.97265625,248.58015442,247.93893433,-244.77862549,1437634213.181739,1
-1.69262696,-1.02270508,-1.94067383,247.83206177,247.05343628,-244.07633973,1437634213.242105,1
-1.6916504,-1.03955079,-1.94970704,240.51908875,241.78625489,-243.19084168,1437634213.272030,1
-1.68432618,-1.04736329,-1.9206543,209.60305787,216.79389954,-227.52671814,1437634213.362065,1
-1.75048829,-1.08496094,-1.90307618,204.12213135,230.01527405,-99.37404633,1437634213.421589,1
-1.83569336,-1.00244141,-1.86694336,218.59541321,160.39694214,-0.00763359,1437634213.481446,1
-1.35327149,-1.11694336,1.99365235,214.88549805,134.24427796,-0.00763359,1437634213.483674,1
-0.51245118,-0.00006104,-1.98803711,168.71755982,107.0687027,-0.00763359,1437634213.513529,1
-1.14184571,-0.00006104,1.8569336,-228.18321229,-234.5038147,-234.5038147,1437634213.543375,1
-1.49340821,-1.8256836,-1.52026368,153.96946717,132.870224,35.29771042,1437634213.631977,1
1.83105469,-1.2175293,-0.49243165,-225.5114441,-104.06106568,4.48854971,1437634213.661772,1
-1.63964844,-1.05590821,-1.09741211,-223.92366028,-18.04580117,-234.5038147,1437634213.692065,1
-1.31884766,-1.43212891,-1.96411133,180.21374512,-74.36640931,14.19847298,1437634213.721581,1
-0.95654297,-1.37744141,-1.77294922,78.85496521,-57.37404633,23.41984749,1437634213.781852,1
-0.4206543,-0.26000977,-1.2229004,133.72518921,-111.78626252,1.51145041,1437634213.811857,1
-0.35498047,-0.75488282,-1.70996094,158.53434754,-146.25953675,42.8549614,1437634213.872108,1
-0.00006104,-1.5275879,1.33764649,-223.3740387,-219.98472596,209.80152894,1437634213.902424,1
-0.75195313,-1.984375,1.59472657,-166.42747498,-241.48091126,-189.96946717,1437634213.961746,1
-1.15405274,-1.44702149,-1.70385743,-167.75572205,-132.68702698,-211.95419312,1437634213.991850,1
-1.81884766,-1.33325196,1.6484375,196.04580689,-241.64884949,-100.94656373,1437634214.052264,1
1.56982422,-1.30908204,-1.75878907,-120.96183014,-221.16030884,-145.90840149,1437634214.082554,1
-1.51586915,-0.66967774,1.27734375,-178.62596131,235.96946717,-218.38168335,1437634214.142192,1
-1.7866211,-0.9284668,1.93945313,-221.74046326,245.61831666,-237.25190735,1437634214.171835,1
-1.76928711,-1.09643555,-1.93090821,-245.23664856,-245.92366028,-246.06106568,1437634214.232084,1
-1.71044922,-1.10131836,-1.97216797,-247.98472596,-245.02290345,237.0076294,1437634214.261978,1
-1.98486329,-0.89257813,-1.99340821,-246.54962159,-247.78625489,-233.89312745,1437634214.322041,1
-1.64965821,-1.09936524,-1.93530274,-249.66412354,-248.53434754,-237.5114441,1437634214.351877,1
-1.69042969,-1.02392579,-1.96118165,248.38168335,-245.09924317,-235.54199219,1437634214.412032,1
-1.68579102,-1.0144043,-1.94995118,249.06869507,-247.95419312,-237.81678772,1437634214.441927,1
-1.66552735,-1.06738282,-1.92797852,245.54199219,247.34350586,-240.1374054,1437634214.502203,1
-1.67895508,-1.00073243,-1.9506836,-246.04580689,247.23664856,-240.06106568,1437634214.531829,1
-1.65747071,-1.02148438,-1.97265625,242.04580689,241.83206177,-239.58778382,1437634214.591941,1
-1.7019043,-1.06640625,-1.94799805,241.4045868,243.98472596,-241.4045868,1437634214.621846,1
-1.69140625,-1.08325196,-1.9609375,216.39694214,242.07633973,-209.34350586,1437634214.681886,1
-1.84448243,-1.93798829,-1.9675293,231.81678772,217.67938233,-93.41984559,1437634214.711979,1
-1.98583985,-1.00439454,-1.83911133,237.48091126,178.90075684,-0.00763359,1437634214.772091,1
-1.42675782,-1.03222657,-1.8815918,235.28244019,170.47328187,-0.00763359,1437634214.801837,1
-0.81274415,-0.15747071,-1.70703125,126.83969117,129.55725098,-0.00763359,1437634214.862093,1
-1.79711915,-0.00006104,1.55590821,128.47328187,41.93893052,-234.5038147,1437634214.891682,1
-1.14624024,1.6760254,-1.0119629,206.30534363,167.38931275,-234.5038147,1437634214.951838,1
1.88427735,-1.59936524,-0.83544922,-213.46565247,-122.91603089,20.76335907,1437634214.981890,1
-1.7229004,-1.12109375,-1.20703125,-227.96946717,-25.25190926,-234.5038147,1437634215.042020,1
-1.43994141,-1.44091797,-1.88916016,228.93130494,-66.87023163,0.76335878,1437634215.073641,1
-0.6994629,-0.97070313,-1.76171875,137.83206177,-102.65648652,1.9236641,1437634215.131774,1
-1.90283204,-0.34863282,-1.953125,158.83969117,-118.30534363,12.15267182,1437634215.161794,1
-0.00006104,-0.00006104,-0.61694336,-225.81678772,-201.12977601,134.33587647,1437634215.222057,1
-0.00006104,-1.34545899,1.15820313,179.02290345,246.79389954,174.09159852,1437634215.253302,1
-0.45776368,1.80737305,1.48828125,-131.89312745,-189.0076294,-172.39694214,1437634215.312249,1
-1.3334961,-1.01831055,-1.26123047,-56.21374131,-161.92366028,247.32824708,1437634215.341830,1
1.91333008,-1.03979493,-1.875,-112.91603089,212.07633973,-20.03053475,1437634215.404023,1
-0.00006104,-0.00006104,-0.60205079,-129.46565247,217.38931275,-0.00763359,1437634215.431989,1
-0.9729004,-0.00006104,1.96337891,-219.57252503,240.48855591,-191.34350586,1437634215.492262,1
-1.84667969,-0.48706055,1.53466797,242.45800782,248.77862549,-180.58015442,1437634215.521857,1
-1.9416504,-0.8947754,-1.91503907,-246.73281861,-249.29771424,-229.3740387,1437634215.584987,1
-1.61840821,-0.96655274,-1.95556641,249.64884949,248.83969117,233.89312745,1437634215.612817,1
-1.78320313,-1.02783204,-1.99707032,247.87786866,-247.72518921,239.17556763,1437634215.672232,1
-1.73510743,-1.15698243,-1.92504883,-249.66412354,244.71755982,244.79389954,1437634215.701856,1
-1.73999024,-1.07202149,-1.9729004,-233.70993042,245.5114441,249.08396912,1437634215.762379,1
-1.65893555,-0.94653321,1.98901368,-245.32824708,-247.54199219,248.48855591,1437634215.791913,1
-1.6850586,-1.00024415,-1.97973633,248.83969117,244.93130494,248.74809266,1437634215.852212,1
-1.68554688,-1.04052735,-1.99047852,249.64884949,-247.64884949,-247.52671814,1437634215.911108,1
-1.6760254,-1.03979493,-1.97558594,240.07633973,240.24427796,-231.96946717,1437634215.942034,1
-1.67407227,-1.05810547,-1.97558594,218.85496521,239.25190735,-234.18321229,1437634215.971900,1
-1.67333985,-1.04296875,-1.95581055,218.53434754,221.95419312,-154.71755982,1437634216.032270,1
-1.87719727,-1.11108399,-1.9897461,201.52671814,205.78625489,-30.64122201,1437634216.063267,1
-1.66625977,-1.32421875,1.91015625,178.71755982,145.12977601,-0.00763359,1437634216.122371,1
-0.97094727,-0.09082032,-1.55517579,146.96183777,153.90840149,-0.00763359,1437634216.151923,1
-0.95800782,-1.93212891,-1.52734375,-234.5038147,43.89313126,-134.2748108,1437634216.212174,1
-1.53344727,-0.10278321,-0.00006104,-241.84733582,41.69465638,123.29770661,1437634216.241945,1
1.61743165,-0.89379883,-1.20043946,-222.65649415,155.45037842,107.40457917,1437634216.301851,1
-1.80981446,-1.77368165,-1.93945313,233.84733582,-114.04579926,32.58015442,1437634216.331930,1
-1.5913086,-0.95776368,-1.13208008,-206.5038147,-38.61068726,-234.25953675,1437634216.392495,1
-1.34033204,-1.43090821,-1.8635254,193.4045868,-240.5038147,59.2061081,1437634216.422461,1
-0.98632813,-0.6772461,-1.80493165,155.20610047,-104.32061005,61.83206177,1437634216.483566,1
-0.55126954,-0.67456055,-1.98583985,173.31297303,-132.18321229,94.48854828,1437634216.513188,1
-0.26684571,-0.7890625,1.47436524,62.68702317,-121.96946717,87.67938996,1437634216.572148,1
-0.35107422,-1.41113282,1.54638672,197.22137452,-172.29006959,229.72518921,1437634216.601911,1
-0.43432618,-1.59057618,1.66748047,-157.4045868,-146.42747498,-245.87786866,1437634216.661154,1
-1.20385743,-0.79492188,-1.84765625,215.70993042,199.54199219,-0.00763359,1437634216.691921,1
-0.9296875,-0.00006104,-1.94067383,-91.5725174,238.39694214,-130.41221619,1437634216.724812,1
1.12939454,-1.97998047,1.6447754,-166.90075684,239.90840149,195.61831666,1437634216.781890,1
1.9416504,-0.65161133,-1.48608399,177.38931275,245.92366028,-237.93893433,1437634216.814195,1
-1.46166993,-1.04711915,1.8010254,240.77862549,249.67938233,-218.01527405,1437634216.871834,1
-1.80493165,-0.83764649,-1.97753907,244.62596131,248.93130494,-237.89312745,1437634216.904884,1
-1.68481446,-1.0444336,1.99926758,249.75572205,244.54962159,-247.49618531,1437634216.961919,1
-1.6706543,-1.07080079,-1.99829102,248.33587647,-248.35115052,-249.35877991,1437634216.993894,1
-1.68652344,-1.02807618,-1.9819336,249.61831666,-249.61831666,-249.96946717,1437634217.052045,1
-1.67919922,-1.94213868,-1.96362305,-248.33587647,246.870224,-249.60305787,1437634217.083725,1
-1.68359375,-1.03466797,-1.9885254,249.69465638,248.42747498,-244.32061768,1437634217.141900,1
-1.66186524,-1.05419922,-1.98925782,247.92366028,243.16030884,-241.7709961,1437634217.174180,1
-1.66870118,-1.03637696,-1.97436524,232.85496521,239.32824708,-245.02290345,1437634217.232087,1
-1.72607422,-1.09033204,-1.99511719,210.74809266,-219.7709961,-247.03816224,1437634217.263772,1
-1.89550782,-1.05493165,-1.91894532,229.1450348,212.04580689,-66.06106568,1437634217.322748,1
-1.71215821,-0.91259766,-1.5703125,-238.58015442,-225.34350586,-0.00763359,1437634217.354244,1
-1.9050293,-0.00006104,-1.17871094,237.58778382,97.96946717,-0.00763359,1437634217.412878,1
-1.7944336,-1.89453125,-1.78466797,227.6335907,15.54198456,-9.77862549,1437634217.443906,1
1.03979493,-0.09057618,-1.56762696,-226.91603089,82.80915833,-234.5038147,1437634217.501903,1
1.76879883,-1.04956055,-0.83715821,-237.69465638,235.05343628,82.79389191,1437634217.533601,1
-1.73461915,-1.7097168,-1.34667969,211.75572205,-117.05343628,31.98473359,1437634217.592144,1
-1.64575196,-1.28735352,-1.81811524,121.55725098,-104.73282624,-233.45037842,1437634217.654047,1
-1.44628907,-0.8671875,-1.72241211,81.58778382,-238.80915833,49.34350968,1437634217.683375,1
-0.52490235,-0.00006104,-1.4416504,138.58015442,-30.96183205,-234.5038147,1437634217.714486,1
-0.92193604,-0.86181641,-1.99267579,158.18321229,-182.41221619,56.97710038,1437634217.771912,1
-0.04296875,1.56152344,0.22851563,108.29007721,-239.84733582,-219.84733582,1437634217.804204,1
-0.27490235,-1.94775391,1.27514649,-107.67938996,-225.46565247,-160.07633973,1437634217.861793,1
-1.20996094,-1.2307129,-1.81640625,-197.43511963,214.33587647,-0.00763359,1437634217.893601,1
-1.99414063,-0.4128418,1.80419922,-32.59542084,175.49618531,-11.40458012,1437634217.952075,1
1.57348633,0.92895508,1.79418946,-210.10687256,244.59541321,217.35877991,1437634217.984098,1
1.92456055,-1.80078125,-1.37402344,226.09159852,-248.54962159,-205.95419312,1437634218.043078,1
1.6640625,-1.57861329,1.97827149,-247.55725098,-246.58015442,-201.83206177,1437634218.073767,1
-1.94091797,-1.30688477,-1.90893555,223.06869507,248.99237061,-235.93893433,1437634218.132482,1
-1.85546875,-1.12109375,-1.92211915,-249.87786866,-248.44274903,-225.74046326,1437634218.163747,1
-1.82324219,-1.14306641,1.99291993,244.51908875,-242.73281861,-239.57252503,1437634218.223174,1
-1.69580079,-1.13330079,-1.99780274,248.51908875,249.78625489,-239.08396912,1437634218.253752,1
-1.72070313,-1.05786133,-1.9831543,-249.03816224,-246.09159852,-249.22137452,1437634218.312064,1
-1.65454102,-1.0546875,-1.98999024,-246.73281861,-246.96183777,242.77862549,1437634218.344068,1
-1.66210938,-1.03198243,-1.99658204,244.91603089,245.35877991,244.54962159,1437634218.403645,1
-1.66308594,-1.07495118,-1.98803711,233.96946717,247.7709961,-229.29771424,1437634218.434151,1
-1.6940918,-1.0432129,-1.9663086,214.24427796,231.48091126,-191.83206177,1437634218.492105,1
-1.87304688,-1.18994141,-1.91772461,223.93893433,216.03053284,-92.85496521,1437634218.524083,1
-1.91772461,-1.02783204,-1.47021485,-167.7709961,160.38168335,-0.00763359,1437634218.582034,1
-0.41699219,-0.02465821,-1.5131836,-161.1450348,114.51908112,-0.00763359,1437634218.614116,1
-1.14770508,-1.06933594,-1.48266602,153.52671814,42.90076447,-44.16793824,1437634218.671907,1
-0.67407227,-0.00006104,-1.65356446,109.87786103,90.29007721,140.12213135,1437634218.705618,1
1.59277344,0.95410157,-0.89086915,192.44274903,212.45800782,95.67938996,1437634218.762023,1
1.97607422,-1.9494629,-1.25976563,174.96183777,-89.67938996,23.14503861,1437634218.794064,1
-1.70483399,-1.1538086,-1.84057618,134.96183777,-98.09160615,-233.74046326,1437634218.852584,1
-1.59741211,-0.94604493,1.84887696,50.18320466,-98.03053284,40.1374054,1437634218.883795,1
-1.8244629,-0.00006104,-1.61816407,80.91603089,-68.82442475,-234.5038147,1437634218.941987,1
-0.00006104,-1.78393555,1.04931641,184.77862549,-164.870224,-234.5038147,1437634218.974252,1
-0.10546875,-1.32934571,1.19726563,192.35115052,-161.52671814,215.2671814,1437634219.033061,1
-0.2397461,1.73242188,0.60791016,-138.79389954,-227.0076294,-160.61068726,1437634219.065526,1
1.70434571,-0.78759766,-1.79296875,226.47328187,-244.65649415,-0.00763359,1437634219.122015,1
-1.68798829,-0.42675782,1.4519043,-209.19084168,219.43511963,-34.19847489,1437634219.154039,1
0.75268555,0.97192383,1.5378418,-161.90840149,-219.70993042,-245.22137452,1437634219.213368,1
-1.95507813,-1.35742188,-1.96020508,237.78625489,-239.29771424,-196.71755982,1437634219.244171,1
-1.89208985,-1.3359375,1.94433594,202.65649415,242.51908875,-237.17556763,1437634219.301975,1
-1.70751954,-0.9296875,1.98583985,221.92366028,247.05343628,-243.02290345,1437634219.334095,1
-1.68603516,-1.20141602,-1.82495118,247.4045868,-248.73281861,-238.15266419,1437634219.392048,1
-1.78710938,-1.04589844,-1.9765625,-246.73281861,-250.10687256,-234.88549805,1437634219.424236,1
-1.69580079,-1.09765625,-1.96777344,249.06869507,-245.54199219,-239.48091126,1437634219.481926,1
-1.70800782,-1.0834961,-1.95532227,249.29771424,-247.09924317,-244.85496521,1437634219.514055,1
-1.69189454,-1.05297852,-1.97607422,248.33587647,-247.08396912,-243.38931275,1437634219.572011,1
-1.6784668,-1.05517579,-1.97070313,-250.10687256,249.20610047,-234.93130494,1437634219.604130,1
-1.68261719,-1.05297852,-1.97265625,247.93893433,239.17556763,-234.88549805,1437634219.662004,1
-1.62817383,-1.05151368,-1.95605469,-219.90840149,238.91603089,-238.01527405,1437634219.694474,1
-1.66528321,-1.07910157,-1.92797852,212.79389954,231.57252503,-192.15266419,1437634219.752022,1
-1.87329102,-1.09106446,-1.91088868,235.89312745,213.32824708,-55.14503861,1437634219.784259,1
-1.61108399,-0.87744141,-1.57324219,-186.93130494,148.09159852,-0.00763359,1437634219.841754,1
-0.71020508,-0.24584961,1.98901368,-205.43511963,-227.09924317,-0.00763359,1437634219.874318,1
-1.07934571,-0.4296875,-1.86328125,226.56488038,24.06106949,-49.63358689,1437634219.932040,1
1.47192383,-0.00006104,-1.56494141,42.15267182,-225.64884949,-234.5038147,1437634219.964336,1
1.8671875,-1.97509766,-0.76660157,-211.93893433,-249.38931275,82.47328187,1437634220.023127,1
-1.99414063,-1.53222657,-1.40478516,213.83206177,-81.72518921,15.29770947,1437634220.054111,1
-1.74511719,-1.26245118,-1.78466797,179.52671814,-88.7022934,22.94656563,1437634220.112102,1
-1.4260254,-0.9663086,-1.69653321,125.29770661,-52.25954056,50.79389191,1437634220.170880,1
-0.32055665,-0.0678711,-1.79418946,139.89312745,-57.38931275,40.59542084,1437634220.202916,1
-0.03759766,-0.9753418,-1.06860352,209.78625489,-117.08396912,186.91603089,1437634220.233806,1
-0.00006104,1.77490235,0.97045899,182.70228577,-161.25190735,213.55725098,1437634220.292034,1
-0.24121094,-1.7307129,1.5275879,-108.59542084,225.06869507,-224.54962159,1437634220.324224,1
0.19067383,-0.76953125,1.85449219,-234.5038147,-243.89312745,-0.00763359,1437634220.382163,1
-0.00006104,-0.00006104,1.13745118,-128.22900391,-208.94656373,-100.22900391,1437634220.414489,1
-0.36450196,-0.00006104,1.49365235,-242.79389954,249.23664856,210.06106568,1437634220.472018,1
-0.69018555,-0.12329102,1.89306641,-219.43511963,-247.29771424,165.46565247,1437634220.504172,1
-1.09179688,-0.29150391,1.96215821,-246.77862549,-249.69465638,216.33587647,1437634220.593155,1
-1.36791993,-0.59643555,1.9584961,-249.84733582,-246.24427796,214.71755982,1437634220.621796,1
-1.44848633,-0.81835938,-1.99536133,247.87786866,-245.92366028,236.42747498,1437634220.652074,1
-1.55493165,-0.89233399,-1.9663086,247.52671814,245.32824708,230.71755982,1437634220.684421,1
-1.58715821,-0.95385743,-1.96020508,248.51908875,248.41221619,-246.24427796,1437634220.742025,1
-1.62036133,-0.99658204,-1.96704102,247.28244019,245.20610047,-240.5038147,1437634220.774435,1
-1.64648438,-1.04003907,-1.94360352,242.04580689,244.94656373,-231.80152894,1437634220.831891,1
-1.65405274,-1.94238282,-1.9416504,236.61068726,245.48091126,-230.61068726,1437634220.863853,1
-1.65478516,-1.06323243,-1.91650391,233.03816224,241.16030884,-204.42747498,1437634220.921977,1
-1.63916016,-1.03442383,-1.95117188,227.25190735,225.02290345,-137.74046326,1437634220.954134,1
-1.82958985,-1.03979493,-1.82373047,230.80915833,211.3740387,-20.16793824,1437634221.011939,1
-1.58740235,-0.98754883,-1.8647461,-236.29006959,152.71755982,-0.00763359,1437634221.045665,1
-0.49316407,-0.00170899,-1.80834961,-235.31297303,139.38931275,-0.00763359,1437634221.102114,1
-0.67480469,-0.01171875,-1.97705079,91.2061081,-228.82443238,-101.03816987,1437634221.134023,1
1.81030274,-0.00006104,-1.58276368,21.17557335,106.80915833,-234.5038147,1437634221.194955,1
1.72680665,-1.68554688,-0.8112793,206.80915833,202.79389954,20.48855019,1437634221.224096,1
1.97851563,-1.53759766,-1.47265625,195.95419312,-119.93893433,-234.5038147,1437634221.282079,1
-1.88452149,-1.95288086,-1.81274415,145.0076294,-64.61068726,-234.5038147,1437634221.314353,1
-1.17797852,-0.9416504,-1.87280274,57.69465638,-84.56488801,-233.52671814,1437634221.372118,1
-0.4650879,-0.00006104,-1.62524415,122.04579926,-65.7099228,-234.5038147,1437634221.404184,1
-0.00006104,1.38476563,1.60864258,189.43511963,-184.99237061,106.77862549,1437634221.462090,1
-0.37548829,1.80761719,0.93554688,170.41221619,-182.70228577,216.77862549,1437634221.493911,1
-0.00006104,-1.78076172,-1.80981446,-78.79389191,-219.83206177,-112.74809266,1437634221.552123,1
0.29833985,-1.3984375,1.10449219,-213.28244019,-243.49618531,-6.29007626,1437634221.584282,1
-1.2800293,-0.54467774,1.52172852,-140.90075684,211.5114441,-0.00763359,1437634221.642025,1
1.36328125,-1.97900391,1.70043946,-189.89312745,245.1450348,-178.06106568,1437634221.673719,1
1.82934571,1.52392579,1.9494629,217.72518921,244.62596131,-170.85496521,1437634221.732097,1
1.99804688,-1.27954102,-1.93481446,229.74046326,-248.24427796,-189.25190735,1437634221.794121,1
-1.96557618,-1.18774415,-1.9260254,246.36640931,-248.91603089,-229.31297303,1437634221.823290,1
-1.81103516,-1.95166016,-1.96240235,-249.84733582,-246.2748108,-229.2671814,1437634221.855605,1
-1.77514649,-1.18261719,-1.96777344,-244.51908875,248.51908875,-242.10687256,1437634221.912191,1
-1.73950196,-1.12109375,-1.97045899,248.33587647,-247.6335907,-249.7709961,1437634221.944001,1
-1.71948243,-1.10351563,-1.96777344,-249.03816224,-246.48855591,245.0076294,1437634222.002269,1
-1.69433594,-1.94213868,-1.97314454,-249.75572205,-246,243.03816224,1437634222.034215,1
-1.68286133,-1.06689454,-1.97070313,247.34350586,-246.5038147,-238.5038147,1437634222.092162,1
-1.69653321,-1.06542969,-1.95825196,249.92366028,-249.31297303,-249.61831666,1437634222.124605,1
-1.68823243,-1.08789063,-1.9597168,-219.57252503,-219.6335907,-234.96183777,1437634222.183828,1
-1.70703125,-1.07055665,-1.9729004,218.48855591,238.07633973,-247.81678772,1437634222.216420,1
1.91674805,-0.94824219,-1.90307618,217.54199219,212.73281861,-60.22900773,1437634222.272087,1
1.9519043,-0.9729004,-1.36767579,-193.90840149,181.31297303,-0.00763359,1437634222.304238,1
-0.61499024,-0.24438477,-1.58154297,-196.90075684,113.84732819,-0.00763359,1437634222.362794,1
-1.24121094,-0.97021485,-1.96606446,-232.22900391,68.29007721,-22.87022973,1437634222.422697,1
-0.00006104,-0.52856446,-1.28857422,-150.76335145,197.75572205,171.06869507,1437634222.452224,1
-1.99658204,1.38232422,-1.54052735,-192.07633973,-239.5114441,142.19847107,1437634222.484317,1
-1.65917969,-0.78442383,-1.38574219,-241.38931275,-197.06869507,-234.5038147,1437634222.542253,1
-1.61816407,-1.51000977,-1.98803711,-239.48091126,-187.81678772,-234.5038147,1437634222.575058,1
-1.3400879,-1.16552735,-1.89868165,176.38168335,-238.71755982,-234.5038147,1437634222.632046,1
-1.3515625,-1.17431641,-1.79858399,60.54961777,-147.95419312,36.50381852,1437634222.664042,1
-0.57714844,-0.00006104,-1.86889649,76.7022934,-115.55725098,16.87022973,1437634222.722100,1
-0.4284668,-1.1328125,0.84545899,95.93893433,-160.03053284,50.30534363,1437634222.754300,1
-0.41552735,1.79199219,0.36254883,204.71755982,-247.87786866,-236.67175293,1437634222.811865,1
-0.67333985,-1.95605469,1.20263672,-147.22137452,-234.870224,191.16030884,1437634222.845496,1
-1.1225586,-0.00006104,1.63745118,217.08396912,228.96183777,-80.62595368,1437634222.902103,1
-0.00006104,-0.00006104,-0.00006104,-134.04580689,200.32061768,201.0076294,1437634222.934329,1
-0.87036133,-1.23583985,-1.67822266,-222.32061768,-241.16030884,247.1450348,1437634222.992456,1
-1.59497071,-1.92114258,-1.87524415,-234.24427796,-246.68702698,198.35115052,1437634223.024231,1
-1.42333985,-1.02856446,-1.88720704,-245.2671814,249.78625489,238.06106568,1437634223.082103,1
-1.58740235,-0.91455079,-1.97753907,-246.91603089,250.01527405,237.29771424,1437634223.113706,1
-1.62402344,-0.98168946,-1.97973633,247.11450196,246.68702698,243.7709961,1437634223.174155,1
-1.6237793,-1.01586915,-1.9519043,249.57252503,246.56488038,-247.89312745,1437634223.205418,1
-1.66577149,-1.02368165,-1.97802735,244.42747498,247.95419312,-239.84733582,1437634223.262411,1
-1.65307618,-1.04492188,-1.96459961,244.59541321,239.58778382,-249.25190735,1437634223.323584,1
-1.66088868,-1.94116211,-1.97924805,240.90075684,246.79389954,-238.6412201,1437634223.353469,1
-1.66088868,-1.08569336,-1.95336915,236.01527405,243.96946717,-233.49618531,1437634223.384269,1
-1.66625977,-1.08081055,-1.9362793,222.90075684,-219.48091126,-213.19084168,1437634223.442201,1
-1.71362305,-1.04052735,-1.92041016,229.2671814,235.05343628,-244.59541321,1437634223.474204,1
-1.77368165,-1.02026368,-1.91503907,230.82443238,212.47328187,-53.75572587,1437634223.532250,1
-1.67260743,-0.80859375,-1.60302735,-218.58015442,178.91603089,-0.00763359,1437634223.564500,1
-0.82958985,-0.53735352,-1.63256836,237.09924317,157.81678772,-0.00763359,1437634223.621855,1
-0.92309571,-0.93310547,-1.76245118,16.48855019,92.62595368,-76.47328187,1437634223.653829,1
-1.92651368,-0.00006104,-1.92651368,100.32061005,-234.5038147,21.12977028,1437634223.712110,1
1.92773438,1.64770508,-0.96679688,176.29006959,149.34350586,87.80152894,1437634223.743566,1
-1.76586915,-1.28369141,-1.10424805,-243.57252503,-154.870224,13.11450387,1437634223.802178,1
-1.73510743,-1.05493165,1.98583985,152.03053284,-132.67175293,-234.5038147,1437634223.835785,1
-1.57104493,-1.05688477,-1.95532227,117.93893433,-120.76335907,38.22900773,1437634223.892173,1
-0.8569336,-0.04370118,1.88916016,99.37404633,-89.98473359,23.12977028,1437634223.924297,1
-0.59716797,-1.03149415,-0.42919922,133.19084168,-45.86259461,212.21374512,1437634223.982145,1
-0.00006104,0.96435547,0.79907227,191.35877991,-124.33587647,207.86259461,1437634224.013853,1
-0.14794922,-1.76367188,1.23803711,-215.57252503,-208.24427796,-128.45800782,1437634224.072163,1
1.25903321,-1.80981446,-1.875,-243.38931275,193.84733582,-129.75572205,1437634224.104342,1
-1.71655274,1.41479493,-0.66577149,-241.64884949,221.74046326,-232.67175293,1437634224.162654,1
-1.51147461,-1.83642579,-1.63964844,-219.69465638,-249.0076294,226.1374054,1437634224.194407,1
1.71801758,-1.52832032,1.55737305,237.70993042,246.870224,-211.80152894,1437634224.252159,1
1.72021485,-1.11621094,-1.93798829,225.34350586,-247.93893433,-245.54199219,1437634224.284440,1
-1.85058594,-1.49584961,-1.91186524,-218.94656373,-249.02290345,246.1374054,1437634224.343623,1
-1.84741211,-1.09423829,-1.98950196,249.45037842,-249.49618531,-248.03053284,1437634224.374164,1
-1.72045899,-1.13452149,-1.99707032,245.28244019,244.45800782,249.57252503,1437634224.432136,1
-1.6953125,-1.0300293,-1.96728516,249.16030884,-247.34350586,243.48091126,1437634224.493786,1
-1.67309571,-1.07177735,-1.95898438,-218.90075684,-247.08396912,244.70228577,1437634224.551615,1
-1.97680665,-1.02539063,-1.97338868,245.55725098,249.95419312,240.71755982,1437634224.556977,1
-1.6315918,-1.02636719,-1.9650879,240.71755982,247.90840149,-240.10687256,1437634224.614261,1
-1.6628418,-1.05859375,-1.97216797,228.90075684,246.39694214,-232.42747498,1437634224.643729,1
-1.65356446,-1.06372071,-1.93432618,218.35115052,233.38931275,-197.87786866,1437634224.702200,1
-1.73828125,-1.07250977,-1.93457032,249.06869507,222.62596131,-118.16793824,1437634224.734276,1
-1.97949219,-1.00512696,-1.79711915,-192.35115052,177.34350586,-0.00763359,1437634224.792195,1
-1.06762696,-1.19873047,1.86572266,-213.45037842,131.95419312,-0.00763359,1437634224.824738,1
-0.60083008,-0.1459961,1.99560547,150.15266419,107.25190735,-0.00763359,1437634224.882207,1
-0.95361329,-0.6760254,-0.00006104,117.61832428,-234.5038147,-234.5038147,1437634224.913916,1
1.68457032,-0.94604493,-1.11035157,166.32061768,175.29771424,115.52671814,1437634224.972202,1
-1.66381836,-1.39453125,-0.9260254,-189.60305787,-243.72518921,47.66412354,1437634225.003937,1
-1.67529297,-1.3791504,-1.75610352,218.25953675,-82.42748261,-234.5038147,1437634225.062195,1
-1.43579102,-1.23022461,-1.82373047,165.93893433,-118.77862549,3.22137404,1437634225.094114,1
-1.27539063,-1.03833008,-1.68017579,115.87786103,-52.01526642,55.29771042,1437634225.153100,1
-0.35327149,-0.47900391,-1.7019043,157.87786866,-99.80152894,10.73282433,1437634225.184250,1
-1.94433594,-1.03417969,1.9765625,146.91603089,-245.55725098,102.65648652,1437634225.242261,1
-0.00006104,1.8737793,0.61840821,132.22900391,230.29006959,-221.23664856,1437634225.274355,1
-0.15185547,-1.55737305,-1.78125,-165.57252503,211.55725098,-237.61831666,1437634225.332464,1
1.59643555,-0.74853516,-1.47363282,-188.61068726,-221.83206177,-16.82442666,1437634225.364032,1
1.90039063,-1.16992188,-1.81201172,-196.96183777,200.76335145,-98.53434754,1437634225.422328,1
-1.875,0.47216797,-0.96435547,245.96946717,198.82443238,-61.34350968,1437634225.454455,1
1.80419922,1.32250977,-1.5222168,-239.60305787,241.31297303,-128.45800782,1437634225.512983,1
-1.77514649,-1.47143555,1.99072266,-248.47328187,244.67175293,-163.6335907,1437634225.545059,1
-1.93554688,-1.46728516,-1.95214844,247.78625489,246.48855591,-217.78625489,1437634225.603030,1
-1.87622071,-1.23583985,-1.93969727,-247.43511963,-246.870224,-225.57252503,1437634225.633922,1
-1.77929688,-0.55175782,1.72338868,225.52671814,-243.69465638,-231.96946717,1437634225.692187,1
-1.59179688,-1.09960938,-1.96313477,235.6335907,-249.98472596,-244.80915833,1437634225.723980,1
-1.71704102,-1.93408204,-1.95458985,-219.02290345,-249.61831666,-242.41221619,1437634225.782267,1
-1.68359375,-1.05786133,-1.96020508,-248.21374512,246.36640931,-244.97709656,1437634225.814952,1
-1.69433594,-1.05395508,-1.96679688,247.87786866,248.93130494,-237.93893433,1437634225.872207,1
-1.69360352,-1.0432129,-1.9650879,249.83206177,-247.64884949,-250.10687256,1437634225.933745,1
-1.71166993,-1.0612793,-1.95898438,242.47328187,241.75572205,-230.70228577,1437634225.963243,1
-1.97973633,-1.08325196,-1.97094727,234.6412201,-219.58778382,-235.2671814,1437634225.994985,1
-1.70874024,-1.04296875,-1.92431641,201.20610047,224.41221619,-181.83206177,1437634226.052210,1
-1.98901368,-1.01123047,-1.69189454,-213.43511963,182.03053284,-0.00763359,1437634226.084581,1
-1.38647461,-1.32421875,1.78710938,-197.55725098,97.38931275,-0.00763359,1437634226.143271,1
-0.2644043,-0.00006104,1.9362793,-241.2671814,59.32824326,-0.00763359,1437634226.174109,1
-1.63476563,-1.61914063,-0.10986329,179.74046326,98.53434754,-234.5038147,1437634226.232588,1
1.59741211,-1.41674805,-1.38500977,239.08396912,-237.3740387,190.22900391,1437634226.264313,1
-1.55712891,-1.31054688,-1.49194336,235.0076294,-168.07633973,107.92366791,1437634226.323292,1
-1.65698243,-1.06420899,-1.8869629,-222.96183777,-169.69465638,-234.5038147,1437634226.354039,1
-1.64501954,-1.32153321,1.87866211,124.88549805,-201.49618531,7.66412211,1437634226.412228,1
-1.56323243,-0.85839844,-1.76049805,64.42748261,-138.29006959,51.66412354,1437634226.443987,1
-0.98803711,-0.00006104,-1.99829102,-227.72518921,-142.51908875,55.02289963,1437634226.502334,1
-0.00006104,-0.99267579,1.42138672,-221.87786866,-114.91603089,53.51145173,1437634226.534348,1
-0.48486329,-1.66113282,0.46289063,202.07633973,-149.90840149,-243.23664856,1437634226.592242,1
-0.00006104,-1.9741211,0.24536133,-96.04579926,96.24427796,163.46565247,1437634226.624471,1
-0.11914063,-0.00006104,-0.00006104,-215.84733582,249.54199219,-131.49618531,1437634226.682315,1
-1.48046875,-0.00006104,1.78466797,-122.53434754,229.5114441,-225.29771424,1437634226.714399,1
-1.49584961,-0.00006104,-1.83105469,-243.31297303,245.89312745,204.38168335,1437634226.772257,1
-1.30590821,-0.76806641,-1.93408204,-249.55725098,-218.88549805,208.73281861,1437634226.804629,1
-1.47119141,-0.91503907,-1.99926758,-245.32824708,-248.91603089,231.89312745,1437634226.862234,1
-1.60253907,-0.85302735,-1.95776368,-248.76335145,-249.49618531,231.02290345,1437634226.894361,1
-1.61279297,-0.9650879,-1.96435547,-222.39694214,249.90840149,233.12977601,1437634226.952119,1
-1.72729493,-1.01000977,-1.94824219,-247.3740387,-244.44274903,240,1437634226.985981,1
-1.64526368,-1.09814454,-1.94824219,246.38168335,-247.67938233,-249.89312745,1437634227.042195,1
-1.6940918,-1.01684571,-1.98168946,247.23664856,-243.69465638,245.02290345,1437634227.074457,1
-1.6796875,-1.06445313,-1.94067383,243.74046326,-248.91603089,243.89312745,1437634227.132096,1
-1.69213868,-1.04077149,-1.96118165,242.47328187,-249.90840149,-238.62596131,1437634227.164873,1
-1.6760254,-1.94067383,-1.97119141,244.54962159,246.870224,-239.75572205,1437634227.222281,1
-1.6640625,-1.06054688,-1.99584961,239.58778382,245.45037842,-238.97709656,1437634227.254456,1
-1.67578125,-1.03955079,-1.94873047,229.7709961,242.24427796,-222.25953675,1437634227.312520,1
-1.71459961,-1.07836915,-1.91210938,237.16030884,235.34350586,-166.47328187,1437634227.344516,1
-1.70605469,-1.07861329,-1.94311524,245.08396912,207.32824708,-63.48091507,1437634227.402292,1
-1.56713868,-0.8347168,-1.69140625,-213.16030884,174.16793824,-0.00763359,1437634227.434380,1
-0.61132813,-0.17675782,-1.58959961,-249.38931275,132.53434754,-0.00763359,1437634227.493880,1
-1.00146485,-0.01342774,-1.93261719,-226.21374512,70.56488801,-114.51908112,1437634227.524463,1
1.85839844,-0.82617188,-0.79736329,201.41984559,225.03816224,-231.09924317,1437634227.614160,1
-1.76879883,-1.97827149,-1.22558594,244.68702698,-99.78626252,-234.5038147,1437634227.672293,1
-1.60839844,-1.32226563,-1.79492188,172.5038147,-93.29770661,-234.5038147,1437634227.704393,1
-1.14648438,-0.86987305,-1.73535157,99.46565247,-100.74809266,18.29007721,1437634227.762244,1
-0.55566407,-0.00006104,-1.60400391,159.4045868,-74.09160615,-234.5038147,1437634227.794501,1
-0.78320313,-0.80786133,-1.73657227,213.29771424,-37.34350968,141.49618531,1437634227.853758,1
-0.00006104,1.72070313,0.65405274,190.15266419,-139.46565247,248.16793824,1437634227.884567,1
-0.37744141,-1.7307129,1.10083008,-200.83969117,-242.80915833,-187.72518921,1437634227.942052,1
1.2084961,-0.37939454,-1.67700196,-248.33587647,235.64884949,-84.97709656,1437634227.974812,1
-1.27050782,-0.21679688,1.72241211,-172.88549805,210.03053284,-133.12977601,1437634228.032299,1
-0.39355469,-0.66479493,-1.77172852,-111.55725098,199.57252503,84.30534363,1437634228.064434,1
-0.81152344,-0.17993165,-1.56811524,215.84733582,-248.32061768,134.44274903,1437634228.122176,1
-1.19335938,-0.40649415,1.99169922,246.39694214,-245.41984559,192.07633973,1437634228.154056,1
-1.58496094,-0.47143555,-1.99609375,-225.43511963,237.19084168,208.73281861,1437634228.212409,1
-1.46777344,-1.02636719,-1.75024415,-240.39694214,248.54962159,237.19084168,1437634228.244434,1
-1.6003418,-0.9272461,-1.99560547,248.97709656,243.35877991,-243.28244019,1437634228.302015,1
-1.65307618,-1.03173829,-1.97973633,247.25190735,-249.87786866,-237.69465638,1437634228.336248,1
-1.6616211,-1.05004883,-1.96533204,-218.96183777,-246.68702698,248.10687256,1437634228.392421,1
-1.68579102,-1.0600586,-1.99804688,247.89312745,-246.80915833,249.70993042,1437634228.424333,1
-1.67895508,-1.06860352,-1.9663086,249.34350586,243.48091126,-242.54962159,1437634228.482281,1
-1.67797852,-1.06469727,-1.97998047,248.58015442,-247.75572205,-249.48091126,1437634228.514393,1
-1.65795899,-1.05688477,-1.99389649,250.01527405,250,-249.78625489,1437634228.572324,1
-1.67578125,-1.04736329,-1.95507813,246.76335145,248.65649415,-245.7709961,1437634228.604010,1
-1.69482422,-1.10229493,-1.92089844,189.81678772,234.29006959,-200.67175293,1437634228.662435,1
-1.89868165,-1.11938477,-1.80395508,-183.80152894,191.03816224,-0.00763359,1437634228.694161,1
-1.35302735,-0.94702149,1.96557618,-148.01527405,128.42747498,-0.00763359,1437634228.784296,1
-0.71655274,-0.00006104,-1.78564454,-246.32061768,65.51145173,-236.88549805,1437634228.812343,1
-0.00006104,-0.04980469,-1.1772461,-217.70993042,100.0763321,146.68702698,1437634228.842388,1
1.4350586,-1.60791016,-1.00366211,177.16030884,194.79389954,152.01527405,1437634228.874548,1
-1.83105469,-1.29809571,-1.15747071,211.48091126,-155.19084168,78.93129731,1437634228.932147,1
-1.74291993,-1.36181641,-1.7421875,137.06869507,-120.93129731,74.82442475,1437634228.966213,1
-1.73144532,-1.27368165,-1.82885743,72.04579926,-89.67938996,148.09159852,1437634229.022279,1
-1.00292969,-0.41577149,1.97070313,56.90076447,-126.87023163,67.08396912,1437634229.054195,1
-0.79931641,-0.33813477,-1.81298829,82.91603089,-135.46565247,43.14503861,1437634229.111951,1
-0.00006104,-0.79760743,-1.77734375,142.47328187,-221.09924317,127.60305024,1437634229.145497,1
-0.88769532,-1.74902344,1.18994141,142.44274903,-233.12977601,199.84733582,1437634229.202295,1
-0.78735352,1.99829102,-1.80590821,-203.25190735,-247.25190735,-174.48855591,1437634229.234187,1
-1.66210938,-0.63305665,-1.71313477,-0.00763359,-245.32824708,-227.0076294,1437634229.292240,1
-0.69091797,-0.98535157,-1.83959961,-228.79389954,236.61068726,-69.60305024,1437634229.324349,1
-0.99658204,-0.54833985,-1.42456055,-160.06106568,223.72518921,-139.74046326,1437634229.382446,1
1.51708985,-0.17358399,-1.17797852,-185.70993042,224.90075684,-145.35877991,1437634229.414535,1
-1.65771485,-1.29052735,-1.76342774,240.58015442,241.60305787,-237.12977601,1437634229.474082,1
-1.79467774,-0.7006836,-1.86376954,-202.42747498,-241.61831666,242.21374512,1437634229.504453,1
-1.8112793,-1.26855469,-1.92651368,-233.0076294,-243.28244019,232.91603089,1437634229.562354,1
-1.64672852,-1.25366211,-1.97583008,-249.64884949,-249.74046326,246.04580689,1437634229.594448,1
-1.71972657,-1.07275391,-1.95019532,-246.97709656,-249.74046326,-247.89312745,1437634229.652485,1
-1.71899415,-1.08715821,-1.94116211,-248.77862549,-248.22900391,-237.22137452,1437634229.684570,1
-1.67871094,-1.06835938,-1.94970704,248.65649415,250.09159852,-249.25190735,1437634229.742331,1
-1.6928711,-1.94140625,-1.96313477,249.08396912,246.38168335,-247.1450348,1437634229.774004,1
-1.68652344,-1.05371094,-1.96142579,249.34350586,-244.58015442,-242.85496521,1437634229.832332,1
-1.68188477,-1.05126954,-1.9584961,249.60305787,-248.93130494,-244.5038147,1437634229.864533,1
-1.66894532,-1.04248047,-1.94604493,250.01527405,-248.67175293,248.76335145,1437634229.922080,1
-1.67236329,-1.05200196,-1.96484375,-246.58015442,247.57252503,249.66412354,1437634229.955050,1
-1.63232422,-1.0275879,-1.93603516,236.32061768,236.33587647,-243.05343628,1437634230.012348,1
-1.94995118,-1.06811524,-1.92773438,181.58778382,206.93130494,-103.1450348,1437634230.044668,1
-1.63916016,-0.52832032,-1.73657227,-222.5038147,170.67175293,-0.00763359,1437634230.102556,1
-1.10424805,-0.05053711,-1.28881836,-219.29771424,129.75572205,-0.00763359,1437634230.134438,1
-1.66015625,-1.14282227,-1.6916504,183.55725098,48.21374131,-58.91603089,1437634230.192425,1
-0.05541993,-0.00006104,-0.86694336,-211.96946717,124.58015442,162.54962159,1437634230.224844,1
1.97436524,-1.77246094,-1.2578125,-240.53434754,203.22137452,172.97709656,1437634230.284009,1
-1.85839844,-1.27783204,-1.3269043,-217.58778382,-155.6335907,48.32061005,1437634230.315956,1
-1.68432618,-1.56835938,-1.9038086,202.62596131,-137.89312745,29.00763321,1437634230.373382,1
-1.55761719,-1.20996094,-1.73242188,136.71755982,-123.49618531,-230.82443238,1437634230.404521,1
-1.19873047,-0.48901368,-1.82714844,71.19084168,-241.4045868,-230.36640931,1437634230.462748,1
-0.93237305,-0.14306641,1.95581055,47.87786103,-139.48091126,40.70228959,1437634230.494366,1
-1.12231446,-1.93676758,0.71142579,74.06106568,-159.09924317,74.16793824,1437634230.552812,1
-0.64428711,-1.26220704,1.00878907,174.29006959,230.76335145,161.86259461,1437634230.584637,1
-0.71118165,1.99487305,1.07421875,-180.6412201,162.51908875,-229.22137452,1437634230.642454,1
1.98144532,-1.03686524,-1.98022461,-27.7099228,164.35115052,-241.34350586,1437634230.675224,1
-1.02587891,-1.65673829,-1.61816407,-197.23664856,-239.64884949,-93.89312745,1437634230.732387,1
-1.58520508,-0.44775391,1.51000977,-120.76335907,225.06869507,-102.58015442,1437634230.764286,1
1.8972168,-1.33325196,1.70141602,-159.41984559,-219.25190735,233.70993042,1437634230.822364,1
-1.67431641,-1.34204102,1.65747071,-228,248.62596131,228.61068726,1437634230.854624,1
-1.65844727,-1.97485352,-1.58374024,-226.25953675,-245.64884949,228.93130494,1437634230.912328,1
-1.73120118,-1.10058594,-1.92919922,-249.64884949,248.61068726,-243.81678772,1437634230.945298,1
-1.67822266,-1.06103516,-1.9609375,244.41221619,-244.45800782,237.90840149,1437634231.002367,1
-1.6682129,-1.02368165,-1.93286133,245.35877991,-219.03816224,240.70228577,1437634231.034660,1
-1.61450196,-1.02661133,-1.93286133,243.11450196,243.06869507,244.80915833,1437634231.092124,1
-1.67358399,-1.0588379,-1.91625977,243.29771424,248.51908875,-241.80152894,1437634231.181766,1
-1.66674805,-1.05615235,-1.94555665,249.20610047,-246.88549805,-249.98472596,1437634231.184383,1
-1.71191407,-1.03930665,-1.94555665,243.03816224,-249.11450196,247.54199219,1437634231.214202,1
-1.6628418,-1.06567383,-1.93579102,244.19847107,247.7709961,246.53434754,1437634231.273839,1
-1.67675782,-1.07006836,-1.9362793,245.67938233,-248.41221619,-236.82443238,1437634231.332646,1
-1.6682129,-1.07104493,-1.92089844,239.35877991,244.15266419,-233.83206177,1437634231.362967,1
-1.65673829,-1.0690918,-1.91894532,237.16030884,248.06106568,-227.02290345,1437634231.394484,1
-1.65673829,-1.07958985,-1.91064454,240.10687256,240.71755982,-225.48091126,1437634231.483633,1
-1.64257813,-1.09179688,-1.87646485,233.3740387,233.60305787,-198.83969117,1437634231.513432,1
-1.65673829,-1.06542969,-1.88598633,223.6335907,219.28244019,-121.58778382,1437634231.542461,1
-1.8347168,-1.21142579,-1.85375977,216.30534363,188.29006959,-27.58778573,1437634231.574489,1
-1.33007813,-1.29223633,-1.93041993,225.66412354,159.93893433,-0.00763359,1437634231.632541,1
-0.74487305,-0.33032227,-1.58300782,186.29006959,145.34350586,-0.00763359,1437634231.664631,1
-0.93066407,-1.09155274,1.95703125,-234.5038147,88.36640931,-112.44274903,1437634231.722339,1
-1.27026368,-0.00006104,-1.93041993,142.10687256,16.67175484,37.11450196,1437634231.754336,1
1.7854004,-1.65014649,-1.15405274,-245.83206177,209.2671814,48.25954056,1437634231.812465,1
-1.79223633,-1.3972168,-1.77441407,-239.22137452,-247.54199219,1.19083965,1437634231.844482,1
-1.79370118,-1.35180665,1.63354493,110.06106568,-243.02290345,25.00763321,1437634231.902390,1
-1.66992188,-1.09570313,-1.80444336,85.49618531,-185.02290345,78.01526642,1437634231.935181,1
-1.23144532,-0.29296875,1.57250977,79.66412354,-226.06106568,54.87022782,1437634231.992429,1
-1.06054688,-0.30444336,-1.79150391,67.7709961,-249.58778382,43.29771042,1437634232.024720,1
-1.34741211,-0.5600586,0.86376954,70.74809266,149.61831666,90.18320466,1437634232.082565,1
-0.95874024,-1.66113282,1.1862793,196.42747498,132.45800782,212.51908875,1437634232.114323,1
-1.02612305,-1.97021485,1.72778321,-145.08396912,139.22137452,219.34350586,1437634232.172380,1
1.88012696,-0.69213868,-1.05297852,-196.62596131,179.55725098,-86.38167573,1437634232.204512,1
-1.41723633,1.96533204,0.95141602,-79.09923554,196.15266419,-119.02290345,1437634232.262801,1
1.57788086,-0.9194336,-0.73925782,217.4045868,229.90840149,-160.67175293,1437634232.323887,1
-1.9909668,-1.24487305,-1.90136719,-237.43511963,235.5114441,-191.2671814,1437634232.353361,1
-1.86157227,-1.01123047,1.86669922,-240.48855591,246.870224,240,1437634232.385401,1
-1.43969727,-1.1850586,-1.99072266,-247.57252503,-244.71755982,-227.11450196,1437634232.444436,1
-1.7150879,-0.94140625,-1.92871094,239.17556763,-249.69465638,-249.80152894,1437634232.474359,1
-1.68554688,-1.12182618,-1.86743165,243.03816224,249.4045868,243.03816224,1437634232.532382,1
-1.61181641,-0.87939454,-1.99926758,-245.1450348,247.3740387,-249.86259461,1437634232.564526,1
-1.58618165,-1.02294922,-1.90966797,247.23664856,247.08396912,-245.64884949,1437634232.623303,1
-1.67700196,-0.94018555,1.94482422,-244.68702698,243.38931275,238.79389954,1437634232.654650,1
-1.68603516,-1.01831055,1.93090821,-249.93893433,-247.66412354,-250.03053284,1437634232.712505,1
-1.68823243,-1.1069336,-1.9753418,-249.96946717,243.96946717,-240.18321229,1437634232.744450,1
-1.76049805,-1.15087891,-1.96191407,249.3740387,-249.60305787,-237.08396912,1437634232.802529,1
-1.75512696,-1.13134766,-1.95410157,250.07633973,245.58778382,242.77862549,1437634232.834513,1
-1.98291016,-1.02465821,-1.9206543,-248.76335145,-246.38168335,249.49618531,1437634232.892526,1
-1.97680665,-1.0510254,-1.92797852,246.74809266,-248.35115052,-242.82443238,1437634232.925020,1
-1.64770508,-1.04418946,-1.95532227,246.74809266,241.25190735,-239.83206177,1437634232.982455,1
-1.66210938,-1.06811524,-1.9519043,249.83206177,240.94656373,-249.89312745,1437634233.014174,1
-1.6616211,-1.06738282,-1.96166993,247.03816224,-247.35877991,245.05343628,1437634233.072445,1
-1.65942383,-1.07055665,-1.99707032,243.3740387,246.76335145,-242.54962159,1437634233.104045,1
-1.6328125,-1.07153321,-1.93579102,-219.52671814,245.25190735,-249.70993042,1437634233.162415,1
-1.65747071,-1.03833008,-1.93823243,232.83969117,241.98472596,-221.23664856,1437634233.194535,1
-1.72338868,-1.00341797,-1.89453125,229.03816224,238.67175293,-191.96946717,1437634233.252610,1
-0.79858399,-1.17309571,-1.97924805,226.870224,234.07633973,-151.98472596,1437634233.284180,1
-1.33154297,-1.21899415,-1.96484375,208,160.10687256,-124.24427796,1437634233.342358,1
-1.95166016,-1.23730469,-1.7890625,156.80915833,91.26717377,-59.63358689,1437634233.373942,1
-1.94091797,-1.0900879,-1.6550293,127.75572205,52.30534363,-40.65649033,1437634233.462189,1
-1.09204102,-1.03857422,-1.83886719,104.62595368,6.48854971,-50.15267182,1437634233.491740,1
-1.27319336,-1.90722657,1.85498047,28.59541894,-234.5038147,-187.28244019,1437634233.522377,1
1.77563477,-1.0612793,-1.13500977,132.67175293,81.86259461,100.24427796,1437634233.554671,1
1.22314454,-1.15478516,1.7866211,131.31297303,-240.88549805,-224.38168335,1437634233.613992,1
1.89697266,-0.91625977,-1.79614258,116.67175293,200.71755982,76.85496521,1437634233.644575,1
1.8581543,-1.03320313,1.45214844,-228.5038147,183.55725098,60.03053284,1437634233.702387,1
-1.78930665,-0.88916016,1.70605469,88.62595368,208.58015442,79.74045563,1437634233.734171,1
-1.43530274,-0.54931641,1.62353516,50.45801545,209.43511963,66.82442475,1437634233.792467,1
-1.51586915,-0.4921875,1.37963868,-230.97709656,192.85496521,58.44274903,1437634233.824597,1
1.7631836,-1.82373047,0.73535157,106.53434754,128.21374512,127.90839386,1437634233.882478,1
-1.12280274,-1.08129883,1.22680665,176.74809266,108.83969117,152.19847107,1437634233.914769,1
-0.89697266,-1.68920899,-1.78930665,-249.4045868,118.82442475,-240.82443238,1437634233.972683,1
-1.81494141,-1.91528321,-0.48583985,-234.15266419,173.89312745,-181.02290345,1437634234.004637,1
-1.9975586,-1.53735352,-1.61254883,-153.93893433,-211.38931275,-172.80915833,1437634234.062185,1
-1.81372071,-1.0041504,1.16601563,-222.39694214,227.67938233,-170.88549805,1437634234.095945,1
-1.14697266,-0.85058594,-1.19897461,-246.70228577,238.83969117,-232.71755982,1437634234.152362,1
-1.73095704,-1.94189454,-1.93872071,-188.42747498,239.54199219,-218.67175293,1437634234.184741,1
-1.64355469,-1.02636719,-1.91601563,-240.16793824,242.99237061,-228.1374054,1437634234.243431,1
-1.33178711,-0.00006104,1.88500977,187.29771424,240.54962159,-248.85496521,1437634234.274662,1
-1.5041504,-0.7475586,-1.94116211,242.82443238,-246.67175293,-225.49618531,1437634234.332419,1
-1.61181641,-0.87841797,1.98364258,244.61068726,249.67938233,-233.66412354,1437634234.364643,1
-1.97680665,-1.00683594,-1.9494629,-218.93130494,-246.01527405,-230.91603089,1437634234.423179,1
-1.70166016,-1.10107422,-1.95092774,249.89312745,-247.86259461,-237.49618531,1437634234.454274,1
-1.68994141,-1.08837891,-1.94897461,-219.1450348,-247.09924317,-234.85496521,1437634234.512396,1
-1.60229493,-1.06567383,-1.94799805,-247.57252503,-249.41984559,-225.11450196,1437634234.544638,1
-1.70361329,-1.08935547,-1.94311524,-249.43511963,247.69465638,-249.16030884,1437634234.602563,1
-1.58618165,-1.0546875,-1.95678711,246.45800782,-246.71755982,-245.78625489,1437634234.634627,1
-1.66601563,-1.06860352,-1.94384766,-249.89312745,-245.61831666,244.51908875,1437634234.692451,1
-1.67333985,-1.07299805,-1.94604493,-219.09924317,246.10687256,249.93893433,1437634234.724328,1
-1.65893555,-1.06811524,-1.99462891,243.3740387,-249.66412354,244.53434754,1437634234.782450,1
-1.65722657,-1.0769043,-1.93432618,241.06869507,248.82443238,-245.03816224,1437634234.814010,1
-1.66455079,-1.04833985,-1.95922852,233.84733582,245.74046326,-226.91603089,1437634234.872456,1
-1.68774415,-1.06298829,-1.90673829,-219.46565247,231.86259461,-197.19084168,1437634234.904307,1
-1.68212891,-1.09472657,-1.92822266,235.52671814,233.34350586,-157.58778382,1437634234.962475,1
-1.56396485,-1.06567383,-1.86865235,232.09159852,212.67175293,-73.58778382,1437634234.994652,1
-1.4453125,-1.93774415,-1.87646485,185.48091126,145.23664856,-0.00763359,1437634235.052213,1
-0.84667969,-0.36645508,-1.75561524,163.45037842,-223.80152894,-0.00763359,1437634235.086156,1
-0.98339844,-1.23681641,-1.99316407,-234.5038147,-228.80915833,-58.87022782,1437634235.142487,1
-1.9050293,-0.00006104,-1.38305665,98.56488801,20.96183205,47.7862587,1437634235.174592,1
1.87939454,-1.57641602,-1.18164063,249.02290345,177.3740387,-233.0076294,1437634235.233257,1
-1.97387696,-1.47875977,-1.63793946,-247.81678772,-230.91603089,15.89312935,1437634235.264205,1
-1.98706055,-1.4260254,-1.89501954,170.77862549,-194.82443238,-234.25953675,1437634235.322504,1
-1.64208985,-1.12792969,-1.94189454,107.61832428,-192.59541321,38.80916214,1437634235.354594,1
-1.37207032,-0.57006836,-1.9963379,-231.46565247,-118.5038147,52.93129731,1437634235.413268,1
-0.80541993,-0.35375977,1.82495118,90.16793824,-113.83206177,-231.98472596,1437634235.444719,1
-1.40087891,-0.71435547,-1.78198243,105.95420075,-201.60305787,46.50381852,1437634235.502408,1
-0.97509766,-1.45874024,0.8203125,182.10687256,155.83206177,-241.67938233,1437634235.534586,1
-1.98999024,1.61328125,1.0209961,-135.20610047,168.33587647,197.08396912,1437634235.595472,1
-1.11669922,-1.9675293,-0.79589844,-147.49618531,-227.80152894,185.52671814,1437634235.625214,1
-1.37597657,-0.00006104,1.25390625,-98.65648652,196.83969117,-64.87023163,1437634235.682514,1
1.31054688,-1.8737793,1.89257813,-163.6335907,211.67938233,-70.71755982,1437634235.714562,1
-1.89965821,-0.44604493,-1.84228516,196.77862549,248.07633973,-134.88549805,1437634235.772576,1
-1.76342774,-1.14208985,-1.88378907,244.44274903,-247.83206177,-191.75572205,1437634235.805767,1
-1.70996094,-0.9416504,-1.99804688,243.1450348,249.52671814,-191.93893433,1437634235.862522,1
-1.66137696,-1.09570313,-1.9987793,247.23664856,-247.67938233,-209.52671814,1437634235.894660,1
-1.72265625,-1.09423829,-1.97558594,249.89312745,-244.03053284,-241.81678772,1437634235.952606,1
-1.68408204,-1.08862305,-1.97460938,247.92366028,-249.7709961,-248.33587647,1437634235.984773,1
-1.7097168,-1.0847168,-1.96142579,-248.61068726,-248.03053284,-243.55725098,1437634236.042266,1
-1.69018555,-1.07299805,-1.97363282,247.16030884,-244.93130494,-239.6335907,1437634236.075891,1
-1.69750977,-1.07910157,-1.97363282,-219.2671814,249.90840149,-242.94656373,1437634236.132637,1
-1.66723633,-1.06420899,-1.95874024,244.83969117,-245.06869507,-238.73281861,1437634236.164777,1
-1.66333008,-1.06054688,-1.94238282,246.59541321,246.67175293,-237.12977601,1437634236.223081,1
-1.99145508,-0.8803711,1.96655274,-246.61068726,247.38931275,-150.03053284,1437634236.256488,1
-1.76782227,-1.22485352,-1.94458008,239.29771424,225.89312745,-73.93893433,1437634236.312545,1
-1.7631836,-1.12304688,-1.67211915,-206.51908875,198.32061768,-0.00763359,1437634236.344740,1
-1.91528321,-0.40063477,-1.91699219,-171.64884949,149.41984559,-0.00763359,1437634236.402389,1
-1.33496094,-0.87841797,-1.6706543,212.97709656,74.80915833,-0.00763359,1437634236.434451,1
-0.00006104,-0.00006104,-0.00006104,5.34351159,-234.5038147,-234.5038147,1437634236.492522,1
0.86523438,-1.12768555,-0.72192383,153.83206177,129.49618531,48.62595368,1437634236.524220,1
1.73217774,-1.48559571,-1.39794922,-222.54962159,-130.04580689,-234.5038147,1437634236.582707,1
-1.97460938,-1.08251954,-1.77978516,-220.53434754,-82.97709656,-234.5038147,1437634236.614618,1
-1.47607422,-1.2397461,-1.75634766,128.71755982,-134.870224,24.53435135,1437634236.672540,1
-1.22314454,-0.14379883,1.79052735,98.33587647,-235.1450348,31.08396912,1437634236.704697,1
-0.38427735,-0.68115235,-1.90429688,-226.94656373,-155.05343628,41.5725174,1437634236.762640,1
-0.3190918,-1.02416993,-1.79492188,210.30534363,-16.96183205,155.31297303,1437634236.794897,1
-0.00006104,-1.87670899,0.78637696,-243.45037842,-160.91603089,232.10687256,1437634236.852333,1
-1.89453125,-1.67089844,1.32397461,-151.4045868,-232.24427796,-187.34350586,1437634236.884906,1
-1.875,-0.93017579,1.09887696,-222.41221619,-235.20610047,-61.11450196,1437634236.942652,1
-1.30493165,-1.92871094,-1.50903321,-219.41984559,-249.69465638,-245.45037842,1437634236.974756,1
-0.96289063,-1.00195313,1.91259766,239.61831666,-249.66412354,155.05343628,1437634237.032213,1
-1.40087891,-0.61962891,-1.92211915,241.5114441,-247.87786866,225.09924317,1437634237.064962,1
-1.98291016,-0.82641602,-1.9975586,240.94656373,-243.57252503,221.83206177,1437634237.122560,1
-1.6213379,-1.03369141,-1.91723633,243.31297303,246.88549805,246.47328187,1437634237.154627,1
-1.65966797,-0.91845704,-1.95043946,242.58015442,249.67938233,249.49618531,1437634237.212269,1
-1.64965821,-0.96044922,-1.96044922,249.11450196,-249.93893433,-242.47328187,1437634237.245811,1
-1.67236329,-1.02416993,-1.96582032,-249.31297303,-245.55725098,242.870224,1437634237.302554,1
-1.67431641,-1.02734375,-1.96386719,246.61068726,-249.28244019,246.01527405,1437634237.334704,1
-1.67675782,-1.04199219,-1.95605469,-219.08396912,248.51908875,-243.22137452,1437634237.393058,1
-1.63964844,-1.94091797,-1.95825196,246.10687256,247.64884949,-241.6335907,1437634237.424474,1
-1.66064454,-1.06860352,-1.95336915,237.16030884,244.83969117,-247.4045868,1437634237.482671,1
-1.69897461,-1.06616211,-1.93090821,222.70228577,231.02290345,-198.56488038,1437634237.515691,1
-1.81518555,-1.11376954,-1.91967774,243.23664856,225.74046326,-76.74809266,1437634237.602015,1
-1.62646485,-1.11328125,-1.54809571,-183.02290345,183.11450196,-0.00763359,1437634237.606738,1
-0.59863282,-0.2487793,-1.79858399,-176.16793824,148.870224,-0.00763359,1437634237.662516,1
-1.4116211,-0.48461915,-1.32714844,-193.80152894,111.34351349,-11.43511487,1437634237.694796,1
-0.00006104,-1.64794922,1.22583008,213.60305787,114.36640931,241.22137452,1437634237.752786,1
1.98339844,-1.83520508,-1.94018555,168.59541321,177.3740387,-230.21374512,1437634237.784905,1
-1.69067383,-1.07885743,-0.99853516,-247.19084168,-109.84732819,-234.5038147,1437634237.842517,1
-1.97216797,-1.3046875,-1.4494629,-249.5114441,-46.67175675,-234.5038147,1437634237.874310,1
-0.96435547,-1.52587891,-1.58691407,175.55725098,-82.62595368,0.76335878,1437634237.932561,1
-0.00006104,-0.31323243,1.94921875,166.09159852,-11.1755724,36.44274903,1437634237.993652,1
-0.28466797,-0.79125977,-1.72094727,114.82442475,-75.92366791,40.80916214,1437634238.022554,1
-0.00006104,-0.44995118,1.51147461,215.38931275,-172.90075684,107.78626252,1437634238.056019,1
-0.48120118,1.83959961,1.09082032,210.56488038,-214.97709656,236.71755982,1437634238.112670,1
-0.5378418,-1.65209961,-1.77124024,-134.70228577,-121.02290345,-169.57252503,1437634238.144672,1
0.21337891,-1.12866211,-1.875,188.15266419,232.16793824,-137.46565247,1437634238.202859,1
-0.00006104,-0.49194336,-0.41259766,-91.32824708,239.93893433,-234.5038147,1437634238.234518,1
-0.00244141,-0.00006104,-1.6394043,-247.75572205,-218.91603089,202.67175293,1437634238.292610,1
-1.71337891,-0.63842774,1.81713868,-224.39694214,-247.6335907,242.44274903,1437634238.325057,1
-1.66259766,-0.86840821,-1.97192383,243.31297303,-247.03816224,223.72518921,1437634238.383283,1
-1.58081055,-0.9831543,-1.96362305,-249.78625489,-244.82443238,245.96946717,1437634238.415084,1
-1.72241211,-0.68554688,-1.75195313,-249.81678772,249.05343628,241.09924317,1437634238.472909,1
-1.53930665,-1.1213379,-1.99731446,-243.0076294,247.3740387,248.76335145,1437634238.504747,1
-1.6796875,-0.96679688,-1.98510743,-249.12977601,-248.21374512,-246.25953675,1437634238.564099,1
-1.65356446,-1.04345704,-1.95361329,247.52671814,-249.60305787,246.09159852,1437634238.594590,1
-1.97949219,-1.03881836,-1.97045899,249.11450196,249.89312745,-246.41221619,1437634238.652618,1
-1.66357422,-1.05712891,-1.97338868,-218.88549805,-249.81678772,-236.01527405,1437634238.684710,1
-1.69604493,-1.93969727,-1.97363282,-219.57252503,244.53434754,-232.10687256,1437634238.742841,1
-1.74169922,-1.06958008,-1.95141602,214.5038147,241.19084168,-212.48855591,1437634238.774757,1
-1.80273438,-1.07470704,-1.93457032,223.98472596,225.49618531,-100.96183014,1437634238.832559,1
-1.87231446,-1.22192383,-1.83984375,-231.03816224,206.33587647,-0.00763359,1437634238.865409,1
-1.47900391,-1.01806641,-1.83081055,-232.77862549,-224.45800782,-0.00763359,1437634238.922603,1
-0.82885743,-0.00390625,-1.97802735,205.32824708,117.7099228,-0.00763359,1437634238.954569,1
0.29858399,-0.46459961,-1.1940918,-195.60305787,-234.5038147,-234.5038147,1437634239.012635,1
-1.49121094,-1.23828125,-1.35253907,238.21374512,137.02290345,99.87786103,1437634239.045689,1
-1.81591797,-1.17285157,-1.14331055,-248.76335145,-236.12213135,12.77862549,1437634239.102354,1
1.86206055,-1.52148438,-1.67651368,165.35877991,-143.48091126,23.89312935,1437634239.134760,1
-1.55737305,-0.99267579,-1.83813477,133.3740387,-133.32824708,22.27480889,1437634239.192456,1
-1.55029297,-0.6862793,1.69897461,60.82442856,-90.76335907,60.54961777,1437634239.226458,1
-0.84472657,-0.08642579,-1.765625,101.55725098,-243.43511963,0.73282445,1437634239.282526,1
-1.42236329,-0.57592774,-1.57470704,226.61068726,-115.17557526,5.70992375,1437634239.314692,1
-0.2541504,-1.66601563,1.01684571,196.58015442,-186.45800782,179.4045868,1437634239.373462,1
-0.31713868,-1.94311524,1.2866211,-153.7709961,249.90840149,-203.0076294,1437634239.404442,1
1.38964844,-1.13549805,-1.58398438,188.88549805,227.80152894,-0.00763359,1437634239.462606,1
1.52734375,-0.00006104,1.69653321,-246.88549805,204.90075684,-52.58015442,1437634239.494806,1
1.04077149,-1.97045899,-1.82250977,-231.87786866,228.41221619,-26.97709847,1437634239.582980,1
1.83740235,-1.60302735,1.47558594,-192.77862549,249.64884949,225.74046326,1437634239.612550,1
-1.32934571,-1.20141602,-1.96679688,-171.67938233,-242.04580689,-246.65649415,1437634239.642716,1
-1.9584961,-0.97851563,-1.83935547,-248.91603089,-247.55725098,230.12213135,1437634239.674816,1
-1.59594727,-1.29418946,-1.98608399,-241.54199219,-245.6335907,239.7709961,1437634239.733430,1
-1.65820313,-1.03759766,-1.98999024,-244.870224,-249.45037842,-248.82443238,1437634239.764195,1
-1.67895508,-1.01953125,-1.94897461,248.54962159,-246.38168335,244.09159852,1437634239.822643,1
-1.65917969,-1.03149415,-1.97680665,249.75572205,245.29771424,-247.5114441,1437634239.854274,1
-1.65820313,-1.04345704,-1.97460938,-248.33587647,-244.42747498,-246.70228577,1437634239.912596,1
-1.67211915,-1.07861329,-1.95776368,239.43511963,243.89312745,-243.55725098,1437634239.944731,1
-1.64355469,-1.08178711,-1.95019532,-220.53434754,235.7709961,-223.90840149,1437634240.002558,1
-1.7175293,-1.05175782,-1.99731446,210.36640931,225.75572205,-178.51908875,1437634240.035235,1
-1.80175782,-0.93286133,-1.95483399,235.55725098,207.49618531,-61.5725174,1437634240.092451,1
-1.84838868,-0.8894043,-1.47973633,-230.04580689,134.44274903,-0.00763359,1437634240.124753,1
-0.20361329,-0.00006104,-1.06445313,-206.53434754,90.76335907,-0.00763359,1437634240.182587,1
-1.19677735,-0.16796875,-1.45532227,220.74809266,12.82442761,-237.38931275,1437634240.214236,1
-1.24121094,-0.00006104,-0.9182129,-227.92366028,198.91603089,36.38167954,1437634240.272880,1
1.67138672,-1.93652344,-1.93481446,-214.44274903,-232.36640931,59.0687027,1437634240.304841,1
-1.9729004,-1.26806641,-1.44775391,-245.1450348,-135.95419312,-234.5038147,1437634240.363465,1
-1.63647461,-1.5078125,-1.92016602,158.51908875,-140.36640931,-234.5038147,1437634240.394720,1
-1.33032227,-1.09667969,-1.54589844,-229.09924317,-81.17557526,37.9236641,1437634240.452689,1
-0.34106446,-0.00006104,-1.44848633,168,-12.39694691,31.57251931,1437634240.484744,1
-0.00006104,-0.76245118,1.39794922,170.59541321,-240.870224,51.75572587,1437634240.543738,1
-0.00006104,-1.9975586,1.18017579,165.3740387,-186.36640931,147.16030884,1437634240.574425,1
-0.00006104,-1.78295899,1.42944336,-155.57252503,246.48855591,-237.92366028,1437634240.632627,1
-0.92675782,-1.25268555,1.93896485,-87.55725098,-231.17556763,230.73281861,1437634240.664827,1
-0.00006104,-0.00006104,1.07299805,-189.74046326,220.38168335,-95.60305024,1437634240.722856,1
-0.00006104,-0.00006104,-1.18261719,-167.81678772,223.83206177,146.99237061,1437634240.754907,1
-0.8791504,-0.49291993,1.96777344,-231.03816224,-245.22137452,-227.78625489,1437634240.812582,1
-1.81933594,-0.90771485,1.82324219,-229.98472596,246.97709656,247.0076294,1437634240.874577,1
-1.50683594,-0.82641602,1.71215821,228.45800782,250,-216.61068726,1437634240.931908,1
-1.86157227,-0.67333985,-1.99487305,231.81678772,246.70228577,-245.98472596,1437634240.936166,1
-1.67456055,-1.10180665,-1.95483399,244.53434754,-247.45037842,244.91603089,1437634240.992660,1
-1.7084961,-1.10205079,-1.97949219,-218.88549805,-245.84733582,-236.6412201,1437634241.025160,1
-1.71142579,-1.03466797,-1.98681641,-248.33587647,-242.80915833,-249.83206177,1437634241.082854,1
-1.67578125,-1.09497071,-1.96655274,248.77862549,247.57252503,-243.03816224,1437634241.142297,1
-1.6760254,-1.93945313,-1.98510743,243.84733582,247.87786866,-247.08396912,1437634241.172489,1
-1.66479493,-1.0432129,-1.97973633,248.33587647,-243.17556763,-243.7709961,1437634241.206518,1
-1.69116211,-1.04833985,-1.97338868,226.41221619,246.62596131,-232.1374054,1437634241.262769,1
-1.66430665,-1.10327149,-1.9296875,208.80915833,232.45800782,-200.03053284,1437634241.294742,1
-1.83544922,-1.2109375,-1.92504883,232.1374054,-222.22900391,-34.62595368,1437634241.353938,1
-1.98486329,-0.7619629,-1.5222168,-225.81678772,131.7709961,-0.00763359,1437634241.384900,1
-0.1694336,-0.00006104,-1.73559571,-239.41984559,117.1450348,-0.00763359,1437634241.442796,1
1.56030274,-0.00006104,-1.99853516,-53.7099228,-234.5038147,-0.00763359,1437634241.474919,1
-1.49340821,1.89331055,-1.48046875,181.60305787,176.58015442,100.67175293,1437634241.532475,1
1.95751954,-0.99829102,-1.02783204,-212.21374512,-229.75572205,28.3511448,1437634241.564486,1
-1.71655274,-1.32250977,-1.59472657,216.74809266,-153.31297303,-234.5038147,1437634241.622591,1
-1.6291504,-1.36059571,-1.86669922,128.30534363,-177.61831666,-234.5038147,1437634241.654870,1
-1.40039063,-1.0756836,-1.71118165,41.38931275,-69.41984559,50.2748108,1437634241.713185,1
-0.67089844,-0.00006104,-1.45922852,134.42747498,-38.29007721,14.82442761,1437634241.744814,1
-1.18261719,-0.27954102,1.54882813,219.05343628,-143.41984559,-234.5038147,1437634241.802647,1
-0.00006104,-1.89331055,0.71313477,155.6335907,-218.5038147,196.67175293,1437634241.834771,1
-0.00006104,-1.8203125,1.33837891,-147.48091126,-194.65649415,-180.18321229,1437634241.892714,1
0.07324219,-1.33618165,0.39868165,190.79389954,231.16030884,-0.00763359,1437634241.924804,1
1.51708985,-0.46289063,-1.00195313,-240.90075684,235.03816224,-56.18320466,1437634241.982547,1
1.29809571,-1.54248047,-0.78930665,245.64884949,221.08396912,-51.90839768,1437634242.014307,1
1.87817383,-1.43310547,1.92333985,-249.05343628,245.35877991,-245.34350586,1437634242.072775,1
-1.8984375,-1.71777344,1.98217774,-240.1374054,-249.09924317,-189.57252503,1437634242.104847,1
-1.79516602,-1.40234375,-1.80859375,248.71755982,-247.48091126,-192.76335145,1437634242.164838,1
-1.86254883,-1.09619141,-1.95947266,-246.25953675,-250.01527405,-216.19847107,1437634242.195062,1
-1.71923829,-1.14746094,-1.96264649,246.07633973,-246.38168335,-248.65649415,1437634242.252662,1
-1.71411133,-1.08178711,-1.9597168,246.38168335,246.1374054,-233.84733582,1437634242.284800,1
-1.69580079,-1.0744629,-1.9729004,246.5038147,-249.03816224,-234.74809266,1437634242.344545,1
-1.69848633,-1.09423829,-1.94653321,249.43511963,246.67175293,-231.31297303,1437634242.377269,1
-1.69140625,-1.06494141,-1.96118165,-219.22137452,247.16030884,247.69465638,1437634242.432714,1
-1.68188477,-1.08129883,-1.95581055,243.28244019,246.67175293,-234.80915833,1437634242.464934,1
-1.64916993,-1.04370118,-1.95458985,228.45800782,237.83206177,-225.16030884,1437634242.522534,1
-1.66137696,-1.06689454,-1.93066407,205.03816224,227.87786866,-198.12213135,1437634242.555885,1
-1.8557129,-1.2072754,-1.89648438,238.1374054,204.5038147,-50.9923668,1437634242.613725,1
-1.89990235,-0.9128418,-1.40844727,-181.49618531,178.03053284,-0.00763359,1437634242.645182,1
-0.47998047,-0.32080079,-1.53222657,-248.47328187,138.12213135,-0.00763359,1437634242.702926,1
-1.0378418,-0.08105469,-1.4609375,238.65649415,96.99236298,-83.31298066,1437634242.734874,1
1.99194336,-0.00006104,-1.91967774,45.66412354,124.33587647,40.94656373,1437634242.792731,1
-1.97436524,-1.86083985,-0.63549805,-245.54199219,-223.49618531,69.25190735,1437634242.854864,1
1.88183594,-1.46044922,-1.30126954,215.58778382,-105.87786103,-234.5038147,1437634242.882700,1
-1.49023438,-1.14965821,-1.65966797,238.85496521,-108.44274903,-234.5038147,1437634242.915079,1
-1.36572266,-1.02441407,1.98168946,141.80152894,-103.41984559,-234.5038147,1437634242.972723,1
-0.60961915,-0.36499024,-1.84887696,151.70993042,-50.3511467,28.74809075,1437634243.005791,1
-0.00006104,-0.67529297,1.19311524,139.57252503,-228.04580689,-234.5038147,1437634243.062695,1
-0.61987305,-0.5690918,1.21728516,95.6335907,-220.93130494,142.44274903,1437634243.094984,1
-0.13012696,1.88208008,1.37988282,-186.53434754,-198.76335145,-222.03053284,1437634243.153055,1
1.92919922,-1.18994141,1.90991211,-164.79389954,228.38168335,-53.25190735,1437634243.184924,1
-1.1159668,-0.67578125,-1.96948243,-155.16030884,230.51908875,-239.57252503,1437634243.242711,1
1.79614258,-1.63403321,1.95947266,-189.08396912,238.38168335,-95.6335907,1437634243.274559,1
-1.94580079,-1.03857422,1.97802735,236.58015442,250.07633973,-213.38931275,1437634243.333802,1
-1.7878418,-0.95800782,-1.92993165,245.32824708,-243.4045868,-235.12977601,1437634243.364331,1
-1.65112305,-1.10473633,-1.97045899,247.22137452,244.82443238,-236.61068726,1437634243.422765,1
-1.72070313,-1.10131836,-1.96313477,-249.84733582,-246.2748108,-238.91603089,1437634243.454858,1
-1.72021485,-1.08447266,-1.93579102,-249.11450196,249.66412354,-239.72518921,1437634243.514266,1
-1.69384766,-1.94213868,-1.97436524,-248.83969117,249.58778382,-243.48091126,1437634243.544858,1
-1.70019532,-1.04882813,-1.9675293,-246.97709656,-246.25953675,-246.74809266,1437634243.602421,1
-1.67285157,-1.05761719,-1.94921875,247.52671814,249.35877991,247.28244019,1437634243.634993,1
-1.67919922,-1.04223633,-1.96679688,249.34350586,244.91603089,-241.89312745,1437634243.695694,1
-1.67895508,-1.05078125,-1.95947266,-247.57252503,246.54962159,-240.18321229,1437634243.724826,1
-1.65966797,-1.0612793,-1.97607422,239.61831666,241.35877991,-232.29006959,1437634243.812810,1
-1.68359375,-1.02636719,-1.94238282,210.97709656,230.1374054,-210.56488038,1437634243.842135,1
-1.7775879,-1.00610352,-1.87646485,234.22900391,209.46565247,-61.14503861,1437634243.872818,1
-1.89160157,-0.94653321,-1.47363282,-185.28244019,-224.04580689,-0.00763359,1437634243.904573,1
-0.60229493,-0.30810547,-1.60595704,-209.70993042,140.41221619,-0.00763359,1437634243.962710,1
-1.28833008,-0.6081543,-1.42773438,218.67175293,71.29770661,-12.01526738,1437634243.994487,1
-0.27026368,-0.26782227,-1.93139649,198.32061768,181.95419312,172.6412201,1437634244.052833,1
1.79785157,-1.77685547,-1.00830079,207.45037842,240.70228577,113.49618531,1437634244.084479,1
-1.73706055,-1.94677735,-1.34277344,228.1374054,-102.30534363,-234.1374054,1437634244.142623,1
-1.48754883,-1.2866211,-1.93872071,241.57252503,-148.24427796,-234.5038147,1437634244.176400,1
-1.51831055,-1.2241211,1.95947266,119.1450348,-161.7709961,-234.5038147,1437634244.232797,1
-1.95019532,-0.54174805,-1.78710938,82.6412201,-240.65649415,29.45038224,1437634244.265529,1
-0.33764649,-0.26708985,-1.70141602,153.61831666,-101.23664094,19.9236641,1437634244.323149,1
-0.00006104,-0.96386719,-1.79614258,167.22137452,-185.06869507,107.38931275,1437634244.355520,1
-0.20092774,1.89916993,0.58984375,-220.71755982,-221.92366028,210.44274903,1437634244.412737,1
-0.88452149,-1.62866211,1.90454102,-77.09923554,249.90840149,-223.17556763,1437634244.444900,1
-1.875,-1.90722657,-1.74414063,189.86259461,210.22900391,-0.00763359,1437634244.504429,1
-1.67871094,-0.00006104,1.79028321,-159.5114441,196.25953675,-37.28244401,1437634244.535920,1
1.90576172,-1.27050782,-1.97827149,-147.0076294,244.45800782,246.85496521,1437634244.592756,1
-1.76000977,-0.8947754,-1.89428711,225.64884949,244.74809266,232.5038147,1437634244.625024,1
-1.58105469,-1.95800782,-1.45385743,-227.19084168,249.09924317,-221.0076294,1437634244.682999,1
-1.96289063,-1.02319336,-1.88134766,-238.79389954,249.43511963,-240.03053284,1437634244.714681,1
-1.67016602,-1.95434571,-1.96704102,-247.98472596,249.81678772,-236.96183777,1437634244.772790,1
-1.76147461,-1.08081055,-1.97900391,-248.61068726,247.05343628,-233.74046326,1437634244.805004,1
-1.68212891,-1.11132813,-1.96386719,-248.24427796,245.0076294,-238.12213135,1437634244.862927,1
-1.69873047,-1.06372071,-1.98022461,248.6412201,244.53434754,-243.41984559,1437634244.894950,1
-1.67407227,-1.06640625,-1.96411133,245.3740387,-249.98472596,248.58015442,1437634244.954972,1
-1.68017579,-1.0600586,-1.96313477,249.92366028,248.33587647,-234.85496521,1437634245.011986,1
-1.6916504,-1.08666993,-1.96484375,238.85496521,247.08396912,-243.46565247,1437634245.042732,1
-1.6628418,-1.05126954,-1.97680665,232.85496521,245.46565247,-239.16030884,1437634245.074989,1
-1.70605469,-1.05590821,-1.97241211,211.69465638,225.4045868,-210.88549805,1437634245.132097,1
-1.99438477,-0.99560547,-1.87280274,219.46565247,212.6412201,-102.79389191,1437634245.165217,1
-1.61694336,-1.2072754,-1.82836915,-240.80915833,195.69465638,-0.00763359,1437634245.195845,1
-1.30053711,-1.08789063,-1.8972168,-235.64884949,155.92366028,-0.00763359,1437634245.254337,1
-0.76391602,-0.46166993,-1.77416993,188.38168335,114.51908112,-0.00763359,1437634245.284604,1
-0.45483399,-0.00006104,-0.1850586,-88.54962159,-234.5038147,-115.45037842,1437634245.342752,1
-1.58618165,-1.20092774,-0.9519043,82.03053284,71.86259461,-234.5038147,1437634245.374812,1
-1.85400391,-1.3166504,-1.06298829,171.08396912,214.10687256,19.40458107,1437634245.432783,1
-1.98681641,-1.01245118,-1.51928711,198.6412201,-150.30534363,0.12213741,1437634245.493789,1
-1.95922852,-1.27368165,1.83789063,58.01526642,-152.6412201,-231.78625489,1437634245.522988,1
-0.68261719,-0.24194336,1.47363282,8.82442761,-150.33587647,25.16030503,1437634245.555012,1
-0.29272461,-0.31518555,1.4206543,87.46565247,-69.90839386,-234.5038147,1437634245.613715,1
-0.00006104,-0.40893555,0.91455079,144.18321229,-240,177.08396912,1437634245.644423,1
-0.21704102,1.80297852,0.92333985,161.89312745,-175.43511963,-240.06106568,1437634245.702774,1
-0.46997071,-1.80908204,-1.76928711,-126.01526642,-202.97709656,-196.96183777,1437634245.734909,1
0.9416504,1.96435547,-1.875,-246.58015442,-231.3740387,-1.3587786,1437634245.792838,1
-0.97216797,-0.76123047,-0.39501954,-17.77099228,236.44274903,41.58778763,1437634245.825571,1
-0.51757813,-0.00006104,-1.98754883,-178.16793824,-219.23664856,169.92366028,1437634245.882808,1
-1.34863282,-1.20434571,1.80493165,-138.39694214,-239.98472596,248.6412201,1437634245.915020,1
1.84667969,-0.80126954,-1.80371094,-214.82443238,-248.04580689,215.89312745,1437634245.972838,1
-1.40673829,-1.53808594,-1.94506836,-237.80152894,242.56488038,235.98472596,1437634246.006576,1
-1.6953125,-1.00122071,-1.98535157,-247.5114441,-248.77862549,-242.77862549,1437634246.062805,1
-1.64868165,-1.02563477,-1.99707032,244.68702698,-247.57252503,247.06869507,1437634246.095018,1
-1.65649415,-1.04785157,-1.96044922,248.42747498,-245.31297303,249.31297303,1437634246.153344,1
-1.65869141,-1.04589844,-1.97094727,249.35877991,246.58015442,-243.69465638,1437634246.184552,1
-1.6604004,-1.04980469,-1.96606446,244.61068726,243.61831666,-242.67175293,1437634246.242807,1
-1.67309571,-1.03930665,-1.96777344,239.58778382,247.86259461,-238.80915833,1437634246.275009,1
-1.65332032,-1.07226563,-1.95776368,232.74809266,242.21374512,-231.43511963,1437634246.333061,1
-1.66894532,-1.07470704,-1.94433594,222,241.08396912,-248.80915833,1437634246.364757,1
-1.68261719,-1.05200196,-1.93310547,222.25953675,-220.35115052,-162.56488038,1437634246.422900,1
-1.69970704,-1.01855469,-1.90673829,240.82443238,218.10687256,-82.58015442,1437634246.454952,1
-1.76391602,-1.05273438,-1.77636719,-217.7709961,182.18321229,-0.00763359,1437634246.513462,1
-1.0690918,-0.77441407,-1.62524415,-234.18321229,164.59541321,-0.00763359,1437634246.545112,1
-1.20019532,-1.00195313,-1.78686524,117.86259461,114.99236298,-0.00763359,1437634246.602849,1
-0.71215821,-0.00006104,-0.43237305,92.71755982,-234.5038147,-234.5038147,1437634246.634684,1
1.8347168,-1.09570313,-1.01293946,81.26717377,151.35877991,-234.5038147,1437634246.692874,1
-1.76928711,-1.83081055,-0.81152344,182.93130494,-159.11450196,42.82442856,1437634246.724986,1
-1.61157227,-0.96777344,-1.31933594,236.79389954,-236.54962159,-234.5038147,1437634246.782949,1
-1.43164063,-1.27514649,1.54663086,98.24427796,-79.86259461,15.35877896,1437634246.814747,1
-1.19506836,-0.06494141,1.69335938,86.90076447,-153.58778382,0.15267176,1437634246.872933,1
-0.46704102,-0.70922852,-1.69750977,125.86259461,-107.7709961,-230.47328187,1437634246.905086,1
-1.04296875,-1.1784668,-1.92016602,182.18321229,-237.08396912,166.30534363,1437634246.962750,1
-0.48242188,1.94335938,0.91479493,-243.78625489,-244.56488038,244.19847107,1437634246.995640,1
-0.59448243,-1.56469727,1.67138672,-105.40457917,-203.72518921,-169.22137452,1437634247.052962,1
1.14160157,-1.72021485,1.07910157,-237.43511963,248.51908875,-0.00763359,1437634247.084597,1
1.61376954,-0.55688477,-1.75341797,-210.32061768,214.71755982,-140.18321229,1437634247.143435,1
-0.18652344,-1.13085938,1.10791016,-111.05343628,247.72518921,-220.19847107,1437634247.175123,1
-1.43774415,-0.24511719,-1.8515625,-229.06869507,-219.3740387,222.74809266,1437634247.232846,1
-1.47021485,-0.69018555,-1.94116211,247.69465638,-248.24427796,213.78625489,1437634247.265004,1
-1.44311524,-0.99291993,-1.99511719,245.69465638,247.16030884,227.83206177,1437634247.323748,1
-1.52612305,-0.7722168,1.9921875,248.56488038,246.58015442,224.67175293,1437634247.354654,1
-1.61279297,-0.90698243,-1.96533204,248.83969117,247.86259461,248.68702698,1437634247.412868,1
-1.62304688,-1.02270508,-1.96435547,-248.32061768,-248.61068726,-246.39694214,1437634247.445047,1
-1.6550293,-1.02270508,-1.96679688,248.79389954,249.11450196,245.32824708,1437634247.503857,1
-1.6604004,-1.04370118,-1.96728516,247.61831666,-247.48091126,247.31297303,1437634247.534695,1
-1.6784668,-1.06591797,-1.9753418,247.16030884,249.78625489,-240.19847107,1437634247.592873,1
-1.67211915,-1.06469727,-1.9650879,248.15266419,249.49618531,-240.1374054,1437634247.624623,1
-1.68652344,-1.05566407,-1.95336915,-249.34350586,-248.70228577,-248.42747498,1437634247.684616,1
-1.61157227,-1.07592774,-1.9506836,247.54199219,249.54199219,-246.39694214,1437634247.714556,1
-1.66748047,-1.93896485,-1.94604493,226.07633973,235.43511963,-233.95419312,1437634247.772900,1
-1.72680665,-1.05566407,-1.88623047,197.1450348,220.59541321,-139.08396912,1437634247.805816,1
-1.92700196,-0.77954102,-1.82275391,-246.51908875,194.6412201,-0.00763359,1437634247.862895,1
-1.50122071,-1.05981446,-1.83398438,-165.61831666,153.80152894,-0.00763359,1437634247.895057,1
-0.68969727,-1.88061524,-1.46655274,-219.08396912,82.32061005,-0.00763359,1437634247.952906,1
-1.875,-0.85083008,-0.65795899,-153.25190735,48.42748261,0.42748091,1437634247.985704,1
-1.5209961,-1.90429688,-1.33203125,240.870224,209.92366028,143.5114441,1437634248.043307,1
-1.55126954,-1.96997071,-1.02856446,-234.25953675,-178.96183777,-234.5038147,1437634248.075209,1
-1.98632813,-1.2565918,-1.67333985,197.05343628,-115.5725174,-234.5038147,1437634248.133807,1
-1.96313477,-1.40478516,-1.81103516,136.36640931,-108.88549805,14.90076352,1437634248.164949,1
-0.98657227,-0.33520508,-1.95117188,80.53434754,-75.89312745,20.79389382,1437634248.222953,1
-0.32861329,-0.00854493,1.84106446,114.18320466,-131.52671814,-233.83206177,1437634248.254955,1
-0.1159668,-0.70361329,-1.77270508,144.44274903,-220.10687256,121.66412354,1437634248.313042,1
-0.43920899,-1.94262696,1.1928711,198.01527405,-240.85496521,201.41984559,1437634248.346514,1
-0.58911133,-1.84472657,1.72631836,-118.80915833,-179.98472596,-172.870224,1437634248.402904,1
1.64233399,-1.94458008,-1.82373047,-163.64884949,239.32824708,-237.38931275,1437634248.435456,1
-1.57348633,-0.5534668,1.4428711,-191.22137452,212.97709656,-113.83206177,1437634248.493050,1
-1.14257813,-0.42871094,-1.36645508,-182.35115052,227.4045868,184.33587647,1437634248.525060,1
-1.14404297,-0.48632813,-1.63403321,-200.10687256,240.09159852,241.12977601,1437634248.582732,1
-1.65234375,-0.84545899,1.77978516,-230.88549805,-246.03053284,232.76335145,1437634248.614606,1
-1.59594727,-0.97949219,-1.97705079,248.79389954,249.03816224,218.83969117,1437634248.672915,1
-1.60595704,-0.97924805,-1.92626954,246.48855591,-249.89312745,240.12213135,1437634248.705041,1
-1.7019043,-1.00122071,-1.97265625,245.98472596,-244.67175293,248.82443238,1437634248.762928,1
-1.98022461,-1.06640625,-1.93237305,246.77862549,-250.09159852,-219.52671814,1437634248.795166,1
-1.69628907,-1.0510254,-1.96313477,248.06106568,249.41984559,242.70228577,1437634248.852956,1
-1.72509766,-1.0600586,-1.93847657,-245.98472596,248.83969117,-243.35877991,1437634248.884998,1
-1.68188477,-1.05053711,-1.99658204,248.01527405,245.3740387,-242.16793824,1437634248.942746,1
-1.69506836,-1.06054688,-1.92895508,247.74046326,246.90075684,-241.6335907,1437634248.976341,1
-1.68457032,-1.05395508,-1.94042969,243.67938233,-219.1450348,-243.54199219,1437634249.032921,1
-1.97973633,-1.05395508,-1.9428711,-219.61831666,246.51908875,-236.68702698,1437634249.064816,1
-1.68041993,-1.01684571,-1.99438477,221.54199219,232.16793824,-214.16793824,1437634249.123759,1
-1.86816407,-1.14428711,-1.83544922,-221.29771424,211.46565247,-80.24427796,1437634249.156276,1
-1.78979493,-1.28442383,-1.91528321,-232.91603089,194.6412201,-0.00763359,1437634249.213017,1
-1.13598633,-1.04418946,-1.97094727,246.68702698,184.85496521,-0.00763359,1437634249.244899,1
-1.36059571,-1.07666016,-1.50439454,202.56488038,134.97709656,-0.00763359,1437634249.303148,1
-1.2619629,-0.00006104,-0.00006104,121.81679535,20.06106949,-234.5038147,1437634249.335567,1
1.83300782,-1.27319336,-1.44726563,165.83206177,138.68702698,60.12213898,1437634249.392915,1
-1.98754883,-1.09399415,-0.89575196,-173.41984559,-208.83969117,-234.5038147,1437634249.425789,1
-1.7241211,-1.4765625,-1.41967774,-223.34350586,-102.68701935,-234.5038147,1437634249.483000,1
-1.3569336,-1.18579102,-1.96142579,196.82443238,-157.66412354,-234.5038147,1437634249.515055,1
-1.24682618,-0.72338868,-1.76245118,76.38167573,-160.70228577,40.67175675,1437634249.572948,1
-1.90063477,-0.36621094,-1.88110352,157.69465638,-132.96183777,-230.67175293,1437634249.604598,1
-1.28613282,-1.04760743,0.44238282,109.41984559,-150.61068726,-231.38931275,1437634249.662941,1
-0.16967774,-1.64916993,0.76904297,202.18321229,-204.30534363,201.0076294,1437634249.695178,1
-0.2319336,-1.86254883,1.34082032,-244.06106568,-238.22900391,245.17556763,1437634249.753051,1
-1.99414063,-0.3088379,1.78100586,236.67175293,249.31297303,-129.75572205,1437634249.785574,1
-1.36132813,-0.77636719,-1.98486329,-131.12977601,220.03053284,-41.67938996,1437634249.842921,1
-1.83056641,-1.86914063,1.39453125,-207.5114441,237.57252503,-232.79389954,1437634249.875103,1
-1.77001954,-1.81884766,-1.54077149,-245.7709961,248.61068726,-234.19847107,1437634249.932718,1
-1.8515625,-1.33789063,-1.96240235,-244.45800782,245.0076294,-202.21374512,1437634249.965438,1
-1.8737793,-1.07153321,-1.98559571,247.87786866,-248.71755982,-234.79389954,1437634250.022971,1
-1.70556641,-1.23120118,-1.97485352,249.57252503,-249.66412354,-232.09159852,1437634250.055260,1
-1.74609375,-1.05566407,-1.96313477,248.38168335,-249.80152894,-247.90840149,1437634250.112882,1
-1.67993165,-1.10595704,-1.9506836,248.54962159,-247.61831666,247.46565247,1437634250.144768,1
-1.69140625,-1.0612793,-1.96777344,248.61068726,-248.22900391,-243.48091126,1437634250.202997,1
-1.6694336,-1.06958008,-1.96411133,-247.93893433,-248.22900391,-248.21374512,1437634250.264226,1
-1.66625977,-1.04760743,-1.99780274,247.84733582,243.48091126,-245.98472596,1437634250.294331,1
-1.64428711,-1.06494141,-1.96166993,-219.06869507,244.42747498,-249.6335907,1437634250.326014,1
-1.67309571,-1.04858399,-1.93847657,229.61831666,242.06106568,-238.6412201,1437634250.382934,1
-1.68798829,-1.05517579,-1.94335938,206.94656373,230.19847107,-186.01527405,1437634250.415118,1
-1.82617188,-1.0053711,-1.84228516,-229.28244019,215.66412354,-64.91603089,1437634250.474080,1
-1.72094727,-1.04248047,-1.92358399,-177.03816224,175.1450348,-0.00763359,1437634250.505130,1
-0.65356446,-0.39184571,-1.86157227,-234.59541321,141.3740387,-0.00763359,1437634250.562977,1
-1.22558594,-0.93530274,-1.84716797,141.11450196,119.46565247,-24.70228959,1437634250.596203,1
-0.02050782,-0.00006104,-1.85791016,116.15267182,100.18320466,65.5725174,1437634250.653029,1
1.84643555,1.74584961,-0.86816407,-220.38168335,209.6335907,35.5725174,1437634250.685029,1
-1.95043946,-1.2734375,-1.47363282,243.49618531,-157.16030884,-234.5038147,1437634250.742980,1
1.94628907,-1.92041016,-1.99389649,145.12977601,-158.82443238,-231.34350586,1437634250.774716,1
-1.15087891,-0.80639649,-1.74780274,88.15267182,-102.99236298,69.78626252,1437634250.832978,1
-1.92407227,-0.19824219,1.83056641,100.54962159,-98.5038147,13.95419884,1437634250.865070,1
-0.00006104,-0.00006104,-0.34057618,-229.52671814,-91.72518921,-221.0076294,1437634250.922792,1
-0.00006104,-1.52148438,1.16259766,207.67938233,-159.92366028,100.97709656,1437634250.955619,1
-0.61621094,-1.35424805,1.4140625,245.45037842,-164.33587647,239.64884949,1437634251.012962,1
-1.91601563,-1.76660157,-1.79296875,-204.39694214,-218.67175293,-245.98472596,1437634251.045080,1
0.7475586,-1.47851563,-1.90405274,-212.03053284,230.41221619,-0.00763359,1437634251.103521,1
-1.41870118,-0.04516602,1.0769043,-221.83206177,214.83969117,-129.19084168,1437634251.134648,1
-0.00006104,-0.00006104,-1.64672852,-131.87786866,224.99237061,-234.5038147,1437634251.193045,1
-1.00219727,-0.00006104,-1.79296875,-186.73281861,248.39694214,157.34350586,1437634251.225197,1
1.98413086,-1.51831055,1.71069336,-211.67938233,-244.03053284,212.93130494,1437634251.284724,1
-1.99194336,-1.20947266,1.98144532,229.28244019,-219.03816224,225.17556763,1437634251.314974,1
-1.66918946,-1.31567383,-1.87670899,-244.5038147,-241.23664856,249.5114441,1437634251.372717,1
-1.82885743,-1.08935547,-1.9975586,-248.19847107,243.17556763,-236.15266419,1437634251.405055,1
-1.72705079,-1.15527344,-1.91503907,-244.68702698,-218.96183777,-244.6412201,1437634251.463781,1
-1.70800782,-1.11059571,-1.96606446,-249.23664856,248.71755982,249.05343628,1437634251.495105,1
-1.72045899,-1.07958985,-1.9597168,249.48091126,-249.32824708,-240.12213135,1437634251.553020,1
-1.67431641,-1.07543946,-1.96948243,-248.83969117,-243.64884949,-246.04580689,1437634251.584787,1
-1.68554688,-1.05395508,-1.96215821,-248.33587647,-249.87786866,248.80915833,1437634251.673148,1
-1.65869141,-1.0588379,-1.9663086,248.70228577,245.92366028,-248.41221619,1437634251.702785,1
-1.62646485,-1.05932618,-1.96191407,247.64884949,248.33587647,-249.5114441,1437634251.733020,1
-1.63061524,-1.05664063,-1.94091797,238.30534363,-219.55725098,-249.12977601,1437634251.764639,1
-1.65869141,-1.05029297,-1.92260743,214.71755982,238.07633973,-207.72518921,1437634251.823025,1
-1.95581055,-0.91381836,-1.9272461,240.76335145,218.10687256,-73.61832428,1437634251.855198,1
-1.68530274,-1.00122071,-1.81396485,-213.70993042,190.32061768,-0.00763359,1437634251.912756,1
-0.88500977,-0.66772461,-1.79882813,-224.54962159,195.92366028,-0.00763359,1437634251.945531,1
-1.08789063,-1.08105469,-1.83081055,115.16030884,96.82442475,-27.75572587,1437634252.003656,1
-0.00006104,-1.95483399,-1.21240235,-229.1450348,59.83206177,-234.5038147,1437634252.035304,1
1.27661133,-0.7734375,-1.36230469,192.21374512,139.0076294,0.36641223,1437634252.093484,1
-1.89868165,-1.35229493,-0.94555665,-225.49618531,-161.25190735,48.77862549,1437634252.126432,1
-1.6459961,-1.37231446,-1.32348633,249.80152894,-48.2748108,6.64122153,1437634252.183109,1
-1.2421875,-1.03930665,-1.56420899,215.17556763,-30.45801545,29.84732819,1437634252.214931,1
-0.73876954,-0.32592774,-1.43920899,-238.44274903,-0.00763359,97.67938996,1437634252.273827,1
-0.34082032,-0.76391602,-1.82373047,-230.76335145,-95.49618531,96.53434754,1437634252.305115,1
-0.5678711,-0.83813477,-1.97802735,144.25953675,-121.58778382,109.38931275,1437634252.362988,1
-1.52368165,-1.41796875,1.16552735,67.93893433,-244.97709656,137.2671814,1437634252.395270,1
-0.98217774,-1.65307618,1.55810547,199.52671814,-121.58778382,235.0076294,1437634252.453496,1
-0.68994141,-1.58178711,-1.77416993,-233.19084168,-119.22137452,-173.57252503,1437634252.486064,1
-1.9597168,-1.10498047,-1.88745118,-163.11450196,-101.84732819,-184.61068726,1437634252.543149,1
1.6315918,-0.33715821,-1.75122071,-108.44274903,227.11450196,-0.00763359,1437634252.575238,1
-1.41479493,-0.0756836,-1.15063477,-187.46565247,222.58015442,-130.04580689,1437634252.633131,1
1.85791016,1.99072266,-1.25317383,-202.35115052,241.2671814,-70.03053284,1437634252.665252,1
1.37890625,1.97778321,-1.26733399,-234.59541321,234.96183777,-95.92366791,1437634252.722858,1
-1.75903321,-1.46557618,-1.93554688,248.36640931,-249.19084168,-165.83206177,1437634252.754490,1
-1.99145508,-1.2397461,1.98046875,246.42747498,-249.49618531,-204.03053284,1437634252.813029,1
-1.9921875,-1.26635743,-1.94799805,248.03053284,-249.61831666,-217.67938233,1437634252.845188,1
-1.80932618,-1.14233399,-1.94921875,246.48855591,-248.35115052,-230.35115052,1437634252.902818,1
-1.73779297,-1.12768555,-1.95458985,249.48091126,-244.76335145,249.46565247,1437634252.964626,1
-1.71459961,-1.09692383,-1.96655274,-219.20610047,-246.48855591,242.48855591,1437634252.994543,1
-1.6760254,-1.06762696,-1.98120118,247.75572205,249.80152894,-249.74046326,1437634253.025138,1
-1.66455079,-1.05810547,-1.97338868,248.82443238,-248.99237061,-243.16030884,1437634253.083242,1
-1.66748047,-1.05029297,-1.97094727,243.7709961,247.67938233,240.82443238,1437634253.115073,1
-1.65991211,-1.05322266,-1.96386719,-248.48855591,248.80915833,249.23664856,1437634253.173010,1
-1.6616211,-1.05859375,-1.97973633,247.70993042,-247.87786866,-240.73281861,1437634253.205314,1
-1.66113282,-1.06762696,-1.95751954,249.29771424,248.44274903,-244.85496521,1437634253.263756,1
-1.64746094,-1.06298829,-1.97387696,249.23664856,247.06869507,-245.54199219,1437634253.294832,1
-1.65234375,-1.03173829,-1.97021485,237.66412354,241.09924317,-242.88549805,1437634253.353321,1
-1.64794922,-1.11303711,-1.96777344,227.87786866,239.83206177,-213.20610047,1437634253.384676,1
-1.74194336,-1.08691407,-1.94506836,249.41984559,226.51908875,-242.09159852,1437634253.443619,1
-1.72143555,-1.02856446,-1.75610352,-238.76335145,220.35115052,-35.98473359,1437634253.475190,1
-1.53613282,-1.08789063,-1.89868165,-235.43511963,-221.90840149,-0.00763359,1437634253.533187,1
-0.33740235,-0.37695313,1.81567383,-220.18321229,180.09159852,-45.46564866,1437634253.565266,1
1.61230469,-0.09936524,-1.90747071,-219.0076294,78.53434754,-194.44274903,1437634253.623297,1
1.80834961,-0.93139649,-1.14672852,-231.86259461,109.84732819,24.10687066,1437634253.655215,1
1.81518555,-1.69921875,-1.07666016,-186.70228577,-248.19847107,48.18320466,1437634253.712989,1
-1.85668946,-1.69042969,-1.26245118,-248.68702698,-98.5038147,45.74045945,1437634253.744821,1
-1.32397461,-1.57885743,-1.32592774,211.34350586,-47.52671814,144.1374054,1437634253.803430,1
-0.60961915,-0.61938477,-1.49316407,-220.97709656,-22.07633591,101.40457917,1437634253.835303,1
-0.55371094,-1.1706543,-1.5197754,229.55725098,-50.24427414,159.52671814,1437634253.893105,1
-0.86547852,-1.19604493,-1.19506836,-249.5114441,-12.19847298,216.83969117,1437634253.925986,1
-0.95019532,-1.07080079,-1.65185547,227.16030884,-15.41984749,213.58778382,1437634253.983096,1
-1.08544922,-1.23559571,1.9519043,215.38931275,-47.9236641,229.29771424,1437634254.015339,1
-0.70141602,-1.66967774,1.76928711,194.25953675,-137.32824708,-219.61831666,1437634254.072927,1
-0.8869629,-1.96386719,1.92358399,188.88549805,-203.41984559,-243.16030884,1437634254.104998,1
-0.86035157,-1.59619141,-1.47485352,-75.17557526,-140.01527405,-167.05343628,1437634254.163192,1
0.35083008,-1.94580079,0.61694336,233.72518921,-143.67938233,-0.00763359,1437634254.195353,1
1.47045899,-0.2319336,1.42504883,-133.96946717,-220.51908875,192,1437634254.253742,1
-1.05249024,-0.39257813,-1.18896485,-209.96946717,-246.44274903,236.19847107,1437634254.285554,1
-1.66748047,-1.07592774,1.94873047,-226.88549805,247.66412354,-241.66412354,1437634254.343126,1
-1.76928711,-1.1394043,-1.75122071,-248.19847107,-243.54199219,-225.80152894,1437634254.375575,1
-1.7397461,-1.04882813,-1.88427735,249.55725098,244.77862549,249.12977601,1437634254.433294,1
-1.74462891,-1.02929688,-1.9650879,-249.11450196,249.23664856,-241.54199219,1437634254.464929,1
-1.71069336,-1.07836915,-1.94433594,245.0076294,-249.08396912,249.09924317,1437634254.523104,1
-1.69482422,-1.06689454,-1.95581055,244.6412201,-244.73281861,-250.01527405,1437634254.555318,1
-1.68872071,-1.0444336,-1.95654297,244.47328187,249.72518921,239.95419312,1437634254.613622,1
-1.69628907,-1.94018555,-1.93652344,249.06869507,-247.28244019,249.83206177,1437634254.645526,1
-1.70019532,-1.04345704,-1.94482422,250.06106568,-246.10687256,-218.97709656,1437634254.703211,1
-1.97973633,-1.03979493,-1.94726563,247.66412354,-249.61831666,249.05343628,1437634254.734827,1
-1.98022461,-1.93969727,-1.95776368,-249.75572205,249.12977601,243.74046326,1437634254.793128,1
-1.68066407,-1.04760743,-1.9572754,-248.56488038,248.70228577,-244.79389954,1437634254.825226,1
-1.69580079,-1.05737305,-1.94580079,-249.78625489,249.61831666,-244.53434754,1437634254.883194,1
-1.70166016,-1.04394532,-1.9572754,-248.94656373,246.48855591,236.09159852,1437634254.915484,1
-1.70361329,-1.04077149,-1.97387696,-242.59541321,249.80152894,-245.35877991,1437634254.973160,1
-1.70556641,-1.05078125,-1.95825196,249.93893433,246.79389954,-244.10687256,1437634255.005270,1
-1.6994629,-1.04809571,-1.9572754,-248.19847107,244.45800782,-244.73281861,1437634255.062916,1
-1.68188477,-1.05126954,-1.94580079,248.33587647,249.96946717,243.6335907,1437634255.094826,1
-1.70898438,-1.02490235,-1.97314454,239.12977601,243.87786866,-249.52671814,1437634255.153071,1
-1.66528321,-1.04516602,-1.99145508,225.96946717,-220,-230.80915833,1437634255.185260,1
-1.83056641,-1.07006836,-1.96264649,201.5114441,234.85496521,-211.92366028,1437634255.244121,1
-1.99487305,-0.79272461,-1.79272461,-220.29006959,223.92366028,-87.66412354,1437634255.275024,1
-1.48754883,-0.83666993,-1.57080079,-158.96183777,174.67175293,-27.51144982,1437634255.332995,1
-1.92456055,-0.04223633,-1.82250977,-195.69465638,94.25954438,-240.25953675,1437634255.365312,1
1.64355469,-0.81054688,-1.89746094,-194.45800782,-244.36640931,123.64885712,1437634255.425295,1
-1.77246094,-1.77685547,-1.99365235,-72.94656373,-152.82443238,194.47328187,1437634255.454697,1
-1.73095704,-0.98999024,-1.77246094,200.59541321,-221.43511963,82.74809266,1437634255.513063,1
-1.53295899,-1.30712891,-1.17480469,-209.23664856,-245.87786866,117.5725174,1437634255.545314,1
-1.44653321,-1.27270508,-1.99584961,223.0076294,-187.69465638,-210.73281861,1437634255.965337,1
-1.64965821,-1.24462891,-1.82250977,-249.7709961,-242.09159852,-186.04580689,1437634255.995336,1
1.59863282,-0.16601563,-1.9753418,-64.09160615,-197.17556763,204.82443238,1437634256.052920,1
-1.7788086,-0.6147461,1.83007813,-0.00763359,-247.87786866,39.83206177,1437634256.087776,1
1.18310547,1.91870118,0.56152344,-22.07633591,222.38168335,-173.2671814,1437634256.143586,1
-1.17333985,-0.73291016,-1.98925782,-178.79389954,238.03053284,-238.96183777,1437634256.175449,1
-1.43286133,-0.50317383,-1.93652344,-178.88549805,238.53434754,-243.11450196,1437634256.233384,1
-1.5822754,-0.91625977,1.97460938,-240.94656373,247.06869507,-248.29006959,1437634256.265062,1
-1.76391602,-0.77416993,1.96997071,247.86259461,246.15266419,231.58778382,1437634256.323247,1
-1.97729493,-1.03515625,-1.92993165,247.02290345,-241.25190735,246.45800782,1437634256.355092,1
-1.72265625,-1.05737305,-1.97851563,-246.44274903,248.01527405,-249.16030884,1437634256.414363,1
-1.7150879,-1.04516602,-1.97583008,-249.78625489,-246.5038147,245.45037842,1437634256.445171,1
-1.98022461,-1.08886719,-1.97924805,247.29771424,-246.48855591,-237.93893433,1437634256.503126,1
-1.73925782,-1.0222168,-1.99804688,-248.51908875,-245.34350586,-243.34350586,1437634256.535604,1
-1.70556641,-1.0756836,-1.9831543,-249.11450196,-250.12213135,246.59541321,1437634256.593286,1
-1.71142579,-1.06054688,-1.97021485,249.61831666,-249.52671814,-249.61831666,1437634256.625338,1
-1.70483399,-1.05444336,-1.97998047,-248.29006959,248.33587647,-245.81678772,1437634256.683193,1
-1.6916504,-1.05786133,-1.9987793,249.29771424,-245.43511963,243.70993042,1437634256.714883,1
-1.7109375,-1.05053711,-1.95556641,246.94656373,244.870224,-247.95419312,1437634256.773204,1
-1.67797852,-1.02490235,-1.9675293,-250.10687256,-247.72518921,-246.82443238,1437634256.805418,1
-1.66723633,-1.03637696,-1.9729004,249.92366028,248.36640931,-243.49618531,1437634256.863322,1
-1.6772461,-0.97631836,-1.97070313,238.93130494,243.20610047,-244.62596131,1437634256.894908,1
-1.69213868,-1.1616211,-1.93579102,207.09924317,225.17556763,-212.30534363,1437634256.953265,1
1.91259766,-1.93090821,-1.9025879,241.60305787,223.32824708,-79.40457917,1437634256.985207,1
-1.67407227,-1.11206055,-1.84960938,-231.58778382,168.6412201,-0.00763359,1437634257.043006,1
-1.15820313,-1.90332032,-1.58300782,-248.79389954,129.90840149,-0.00763359,1437634257.076772,1
-1.30249024,-1.02539063,-1.66992188,162.10687256,59.54198456,-19.14503861,1437634257.133111,1
-0.00006104,-0.30761719,-1.27490235,-193.08396912,108.29007721,51.60305405,1437634257.195544,1
1.57934571,-1.68872071,-1.95556641,-237.92366028,205.31297303,60.91603089,1437634257.224614,1
-1.86279297,-1.09033204,-1.40283204,192.59541321,-163.4045868,32.62595368,1437634257.254991,1
-1.98608399,-1.45629883,-1.53417969,200.42747498,-125.08396912,94.85496521,1437634257.313633,1
-1.4921875,-1.05273438,-1.74902344,123.48091889,-86.79389191,106.80915833,1437634257.345426,1
-0.92211915,-1.90478516,-1.72900391,126.1374054,-106.71755982,69.17557526,1437634257.403114,1
-0.99731446,-0.5390625,-1.90966797,-206.99237061,223.31297303,168.70228577,1437634257.435197,1
-1.87963868,-1.55859375,0.22729493,-234.5038147,-156.59541321,227.96946717,1437634257.493202,1
-0.47387696,-0.59423829,1.58032227,133.83206177,-198.70228577,174.90075684,1437634257.524914,1
-0.76367188,1.82202149,1.2487793,-240.16793824,-206.91603089,-184.38168335,1437634257.583191,1
-1.2097168,-0.79882813,-1.28344727,-0.00763359,-242.76335145,-221.95419312,1437634257.615299,1
1.75390625,-1.10546875,0.18212891,-249.7709961,-246.80915833,-75.17557526,1437634257.673173,1
-1.95141602,-0.16430665,-1.99511719,-243.48091126,221.09924317,-86.6412201,1437634257.705322,1
-1.83251954,-0.55004883,1.48950196,-124.01526642,-219.86259461,-238.16793824,1437634257.763224,1
-1.57202149,-1.06591797,1.67553711,-219.17556763,-248.80915833,227.74046326,1437634257.795512,1
-1.41992188,-1.37963868,-1.92700196,235.45037842,-218.97709656,-225.89312745,1437634257.853148,1
-1.92431641,-0.65820313,-1.97167969,248.38168335,-247.75572205,-249.05343628,1437634257.884848,1
-1.72705079,-1.14526368,-1.99072266,-249.25190735,247.72518921,-245.08396912,1437634257.943222,1
-1.98168946,-1.04931641,-1.9819336,-247.46565247,-249.70993042,-236.71755982,1437634257.975481,1
-1.70361329,-1.06103516,-1.98559571,-248.03053284,-246.88549805,-246.39694214,1437634258.033473,1
-1.68798829,-1.05395508,-1.97753907,-218.96183777,244.45800782,242.83969117,1437634258.065102,1
-1.69335938,-1.04931641,-1.9897461,-248.47328187,247.83206177,249.93893433,1437634258.123314,1
-1.68994141,-1.04101563,-1.98999024,-250.07633973,-248.22900391,-249.96946717,1437634258.155177,1
-1.69067383,-1.03686524,-1.97216797,246.88549805,-246.39694214,241.61831666,1437634258.212912,1
-1.69311524,-1.04858399,-1.97607422,-249.52671814,247.19084168,239.25190735,1437634258.246776,1
-1.68969727,-1.0444336,-1.97094727,-250.10687256,-248.45800782,-242.94656373,1437634258.303242,1
-1.98022461,-1.02783204,-1.97875977,250.10687256,-248.24427796,-241.31297303,1437634258.335492,1
-1.65087891,-1.06811524,-1.97143555,241.43511963,244.59541321,250.10687256,1437634258.394291,1
-1.71264649,-1.05541993,-1.92407227,192.59541321,230.88549805,-213.75572205,1437634258.425231,1
-1.95556641,-0.86865235,-1.85595704,232.93130494,-222.10687256,-19.93893052,1437634258.485224,1
-1.6381836,-1.25268555,-1.96997071,-236.51908875,137.66412354,-0.00763359,1437634258.515410,1
-0.76708985,-0.50634766,1.94116211,-235.02290345,113.55725098,-0.00763359,1437634258.574127,1
-1.71655274,-0.00006104,-1.71142579,-227.54199219,20.1374054,-135.83206177,1437634258.605350,1
-1.78491211,-0.00006104,-1.22827149,204.15266419,84,86.7022934,1437634258.662404,1
1.99780274,1.94213868,-1.00805665,222.25953675,238.870224,-227.49618531,1437634258.695748,1
-1.79907227,-1.52661133,-1.45703125,188.25953675,-155.92366028,25.54198456,1437634258.726402,1
-1.71191407,-1.45898438,-1.98876954,125.87786103,-146.12213135,81.54198456,1437634258.784324,1
-1.26269532,-0.63110352,-1.97949219,69.29770661,-134.33587647,100.5038147,1437634258.815926,1
-0.93237305,-0.47045899,1.93432618,90.67175293,-173.11450196,57.14503861,1437634258.873872,1
-1.12573243,-0.42944336,-1.67919922,212.70228577,-160.99237061,146.33587647,1437634258.906449,1
-0.7878418,-1.42993165,0.73535157,48.41221238,-245.48091126,152.07633973,1437634258.963242,1
-1.11889649,-1.20800782,1.40161133,147.41984559,-214.42747498,196.44274903,1437634258.995487,1
-0.94311524,-1.47070313,1.66088868,-226.03053284,-198.07633973,-195.98472596,1437634259.054852,1
-1.39550782,-1.08178711,-1.72387696,-90.88549805,-134.54962159,-180.1374054,1437634259.086678,1
1.83081055,-1.92578125,-1.73486329,-238.56488038,-154.76335145,-162.96183777,1437634259.143228,1
-1.99975586,-1.35839844,0.07739258,241.49618531,219.16030884,-68.76335907,1437634259.175172,1
-1.58300782,-0.94042969,-0.43603516,-206.99237061,229.84733582,-110.35114289,1437634259.233988,1
1.57934571,-1.79028321,-1.97851563,-218.45800782,224.32061768,-158.54962159,1437634259.265242,1
-1.8269043,-1.52441407,-1.69726563,-239.61831666,242.93130494,-212.48855591,1437634259.323340,1
-1.72851563,-1.32470704,1.63916016,-248.51908875,-249.38931275,-249.54199219,1437634259.355355,1
-1.72192383,-1.40161133,-1.94677735,249.43511963,-247.28244019,-244.83969117,1437634259.413312,1
-1.7253418,-0.91870118,-1.97607422,248.03053284,-249.19084168,-235.2671814,1437634259.445525,1
-1.69726563,-1.08154297,1.99926758,-247.0076294,-246.47328187,-240,1437634259.503689,1
-1.66064454,-1.03979493,-1.97802735,-244.29006959,-219.05343628,-242.42747498,1437634259.534881,1
-1.69018555,-1.06640625,-1.98291016,250.12213135,242.68702698,-249.22137452,1437634259.593307,1
-1.69091797,-1.05908204,-1.98095704,-246.47328187,-249.89312745,-247.06869507,1437634259.625586,1
-1.69433594,-1.06933594,-1.99731446,-248.67175293,-249.61831666,-245.48091126,1437634259.683415,1
-1.68286133,-1.0612793,-1.97460938,248.79389954,246.79389954,247.03816224,1437634259.715695,1
-1.68969727,-1.06298829,-1.96582032,243.72518921,248.62596131,-240.62596131,1437634259.773279,1
-1.68017579,-1.04956055,1.99414063,243.02290345,248.82443238,-232.74809266,1437634259.805379,1
-1.66918946,-1.08666993,-1.94848633,223.02290345,232.1374054,-224.54962159,1437634259.863338,1
-1.74414063,-1.0300293,-1.90869141,195.74046326,221.11450196,-185.46565247,1437634259.895873,1
1.8425293,-0.69018555,-1.91577149,225.61831666,189.09924317,-10.22900773,1437634259.953257,1
-1.54858399,-1.26391602,-1.95434571,237.93893433,-227.06869507,-0.00763359,1437634259.985377,1
-0.41845704,-0.00006104,1.85083008,227.38931275,-228.22900391,-11.05343533,1437634260.071604,1
1.7175293,-0.00006104,-1.74511719,-182.44274903,-234.5038147,-81.32824708,1437634260.101407,1
-1.69140625,1.03637696,-1.49389649,139.61831666,115.98473359,68.93129731,1437634260.132776,1
1.88134766,-0.79736329,-0.71240235,-209.19084168,-204.99237061,23.37404633,1437634260.164654,1
-1.69677735,-1.46435547,-1.57617188,221.32824708,-90.36640931,1.83206106,1437634260.222646,1
-1.96704102,-1.42016602,-1.81469727,189.75572205,-100.33587647,56.87022782,1437634260.254531,1
-1.05249024,-0.42016602,-1.64941407,160.58015442,-0.00763359,202.96183777,1437634260.312773,1
-1.68652344,-0.00006104,1.69213868,-229.57252503,-153.20610047,-233.7709961,1437634260.344757,1
-0.38427735,-1.34765625,-1.85351563,151.52671814,-145.45037842,120.45801545,1437634260.403008,1
-0.89135743,-1.80688477,0.74682618,42.79389191,201.54199219,192.61068726,1437634260.434888,1
-1.12084961,-1.18774415,1.86425782,175.45037842,-222.6412201,207.4045868,1437634260.493062,1
-0.95605469,-1.50244141,-1.97802735,-250.03053284,-209.93893433,-192.76335145,1437634260.525358,1
-1.40991211,-1.19262696,-1.4362793,-99.38931275,-20.58015252,-169.86259461,1437634260.583391,1
0.11914063,-1.95166016,-1.875,223.96946717,-130.45800782,-36.2748108,1437634260.616279,1
1.92529297,-0.20654297,1.19604493,-211.80152894,221.43511963,-112.19847107,1437634260.673264,1
-1.86840821,-0.9609375,0.33007813,-52.21374131,224.39694214,-243.32824708,1437634260.705628,1
-1.91479493,-0.52319336,1.83789063,190.80915833,-245.09924317,-221.0076294,1437634260.763533,1
1.85180665,-0.32177735,-1.77514649,-238.59541321,-245.92366028,240.99237061,1437634260.795512,1
-1.79174805,-1.97045899,1.88256836,-244.29006959,250,243.60305787,1437634260.853707,1
-1.78027344,-1.10839844,-1.9597168,-249.41984559,244.93130494,-247.54199219,1437634260.885357,1
-1.74682618,-1.12548829,-1.95581055,-248.870224,249.81678772,250.10687256,1437634260.943266,1
-1.69921875,-1.07861329,-1.99926758,-249.52671814,-245.92366028,-248.58015442,1437634260.975340,1
-1.68798829,-1.06079102,-1.98217774,-246.25953675,246.10687256,249.43511963,1437634261.033674,1
-1.67700196,-1.04223633,-1.97924805,247.48091126,-249.03816224,-248.65649415,1437634261.065075,1
-1.6772461,-1.03930665,-1.98754883,249.5114441,-241.20610047,248.32061768,1437634261.124541,1
-1.66992188,-1.03881836,-1.97314454,247.57252503,246.88549805,-248.03053284,1437634261.155272,1
-1.66015625,-1.04418946,-1.99731446,245.98472596,247.75572205,240.30534363,1437634261.213782,1
-1.65161133,-1.05200196,-1.98486329,235.3740387,243.66412354,-247.78625489,1437634261.245224,1
-1.7788086,-1.00976563,-1.93261719,185.5114441,212.65649415,-198.09159852,1437634261.303299,1
-1.9362793,-1.19653321,-1.99121094,248.06106568,192.51908875,-0.00763359,1437634261.335513,1
-1.60473633,-1.50830079,1.83813477,-243.09924317,147.38931275,-0.00763359,1437634261.393900,1
-0.40356446,-0.40136719,1.7253418,232.91603089,120.53434754,-0.00763359,1437634261.424607,1
-1.16601563,-0.31274415,-1.79345704,59.87786103,30.77862549,-238.83969117,1437634261.483409,1
-1.63720704,-0.00006104,-0.83154297,107.12976838,143.52671814,1.63358784,1437634261.515246,1
-1.99487305,-1.9362793,-1.13500977,-210.45800782,224.96183777,94.73282624,1437634261.573885,1
-1.70922852,-1.33203125,-1.56567383,180.71755982,-245.08396912,-234.5038147,1437634261.605041,1
-1.87524415,-1.45458985,-1.99316407,138.59541321,-149.60305787,45.29771042,1437634261.663326,1
-1.94848633,-1.92138672,-1.9807129,21.86259461,-146.94656373,80.74809266,1437634261.696455,1
-1.52294922,-0.86108399,1.48803711,-234.5038147,210.24427796,-234.5038147,1437634261.753504,1
1.16699219,-1.37011719,0.6628418,184.71755982,-242.1374054,10.80916024,1437634261.785621,1
-0.95800782,-1.18530274,0.88647461,70.1374054,-174.33587647,188.18321229,1437634261.843146,1
-0.43237305,1.90771485,0.9140625,-207.5114441,-153.05343628,-197.05343628,1437634261.874987,1
1.53027344,-0.00006104,-0.2800293,-74.42748261,-224.96183777,-156.77862549,1437634261.933498,1
1.83666993,-1.07104493,1.14208985,-210.51908875,-220.59541321,-82.67175293,1437634261.965613,1
-1.72949219,-1.01123047,-1.45214844,-195.58778382,218.48855591,-86.1374054,1437634262.024888,1
1.01684571,-1.7409668,-1.43652344,-221.05343628,-221.08396912,-103.66412354,1437634262.055428,1
-1.88476563,-1.57983399,-1.7854004,249.49618531,245.17556763,-176.54962159,1437634262.113372,1
-1.92260743,-1.4194336,-1.98144532,246.15266419,-248.32061768,-208.39694214,1437634262.145585,1
-1.84521485,-1.19970704,-1.96606446,245.86259461,-249.57252503,-241.96946717,1437634262.203617,1
-1.73925782,-1.94750977,-1.92871094,248.38168335,249.61831666,-238.54962159,1437634262.235210,1
-1.72924805,-1.94262696,-1.95654297,246.74809266,248.85496521,-247.72518921,1437634262.293303,1
-1.69677735,-1.08398438,-1.94091797,250.01527405,-248.61068726,244.65649415,1437634262.325332,1
-1.67553711,-1.05151368,-1.93969727,247.64884949,-246.25953675,-245.60305787,1437634262.384252,1
-1.67089844,-1.03491211,-1.95654297,244.42747498,-250.07633973,-240.80915833,1437634262.415702,1
-1.66528321,-1.06054688,-1.95825196,-219.2671814,246.58015442,-237.61831666,1437634262.473356,1
-1.62402344,-1.1447754,-1.92578125,244.18321229,243.09924317,-236.80915833,1437634262.536053,1
-1.66650391,-1.02978516,-1.9260254,-219.35877991,242.59541321,-249.35877991,1437634262.564629,1
-1.66235352,-1.04223633,-1.93115235,235.93893433,244.96183777,-239.22137452,1437634262.595475,1
-1.64550782,-1.07104493,-1.93530274,231.48091126,239.46565247,-223.98472596,1437634262.653310,1
-1.71044922,-1.02954102,-1.90820313,219.46565247,230.79389954,-154.76335145,1437634262.686367,1
-1.7319336,-1.0432129,-1.9362793,201.7709961,214.21374512,-54.29007721,1437634262.743447,1
-1.86108399,-0.79248047,-1.62866211,195.4045868,182.19847107,-0.00763359,1437634262.775622,1
-0.88427735,-0.57934571,-1.77514649,131.35877991,184.82443238,-0.00763359,1437634262.833111,1
-1.07202149,-1.8894043,-1.78710938,-234.5038147,102.47328187,-63.52671814,1437634262.866303,1
-0.8322754,-0.00006104,-0.00006104,-115.7099228,61.38931275,-234.5038147,1437634262.923790,1
1.88452149,-1.34179688,-1.26098633,-118.80915833,174.2748108,-234.5038147,1437634262.955154,1
-1.82128907,-1.64892579,-1.19506836,-190.38168335,-191.93893433,-234.5038147,1437634263.014555,1
-1.33300782,-1.44458008,-1.70581055,246.54962159,-180.1374054,-234.5038147,1437634263.045798,1
-1.18994141,-0.98950196,-1.56323243,138.73281861,-61.29771042,-232.03053284,1437634263.103374,1
-1.91015625,-0.17773438,1.88403321,176.39694214,-81.28244019,18.9923668,1437634263.135571,1
-0.38671875,-0.6838379,-1.92626954,178.36640931,-88.96183014,29.51144982,1437634263.193550,1
-0.39746094,-1.73583985,1.1784668,157.05343628,-117.40457917,161.86259461,1437634263.225269,1
-0.00006104,-1.89697266,0.98144532,-215.57252503,-232.35115052,-210.10687256,1437634263.283360,1
1.63061524,-0.81445313,-1.60375977,237.67938233,-178.09159852,234.03053284,1437634263.315301,1
-1.16796875,1.94482422,0.68457032,220.77862549,-219.74046326,-34.77862549,1437634263.373513,1
-1.80664063,-0.91430665,-1.13549805,-127.435112,164.58015442,-0.00763359,1437634263.405669,1
0.87402344,-1.89990235,-1.58984375,249.84733582,228.53434754,-190.67175293,1437634263.463459,1
-1.78759766,-1.58715821,-1.09277344,-245.09924317,-242.88549805,-212.82443238,1437634263.495271,1
-1.95629883,-1.61621094,1.91650391,-248.58015442,247.7709961,-177.58778382,1437634263.553378,1
-1.90136719,-1.24145508,-1.75292969,242.6412201,249.4045868,-223.60305787,1437634263.585576,1
-1.70507813,-1.21777344,-1.93164063,245.83206177,248.44274903,-240.18321229,1437634263.643427,1
-1.78808594,-1.0744629,-1.98242188,-248.21374512,-247.3740387,-247.02290345,1437634263.675522,1
-1.71655274,-1.11010743,-1.96362305,-248.79389954,-219.17556763,-242.06106568,1437634263.733437,1
-1.70654297,-1.08862305,-1.96948243,248.51908875,-249.19084168,-239.86259461,1437634263.765547,1
-1.68457032,-1.05322266,-1.97680665,-248.30534363,247.2671814,-242.65649415,1437634263.823300,1
-1.64868165,-1.04858399,-1.99853516,248.6412201,248.10687256,-241.67938233,1437634263.855742,1
-1.67407227,-1.03417969,-1.97802735,245.61831666,-246.54962159,-241.93893433,1437634263.913414,1
-1.6694336,-1.05761719,-1.97338868,-219.31297303,249.29771424,-245.17556763,1437634263.945633,1
-1.64990235,-1.05908204,-1.96655274,234.42747498,238.91603089,-238.70228577,1437634264.003430,1
-1.66308594,-1.05712891,-1.92944336,208.42747498,225.54199219,-198.83969117,1437634264.037360,1
-1.72094727,-0.97949219,-1.96215821,220.36640931,209.84733582,-72.68701935,1437634264.095546,1
-1.66601563,-0.7109375,-1.56616211,-200.61068726,184.04580689,-0.00763359,1437634264.125747,1
-0.75610352,-0.50512696,-1.59179688,-220.6412201,161.66412354,-0.00763359,1437634264.185431,1
-1.2697754,-1.17553711,-1.77246094,149.70993042,-227.0076294,-0.00763359,1437634264.215469,1
-0.00006104,-0.00006104,-0.78173829,-213.41984559,114.01526642,73.31298066,1437634264.273383,1
1.40844727,-1.12744141,-1.48022461,198.19847107,186.25953675,19.4961834,1437634264.305614,1
-1.73291016,-1.20947266,-1.95483399,-177.89312745,-210.32061768,0.96183205,1437634264.363457,1
-1.97558594,-1.47143555,-1.72143555,235.92366028,-164.48855591,-234.5038147,1437634264.395544,1
-1.45092774,-1.51391602,-1.76953125,140.68702698,-164.36640931,54.67175675,1437634264.453373,1
-1.20434571,-0.53515625,-1.8647461,77.55725098,-97.78626252,50.54961777,1437634264.485248,1
-0.72851563,-0.16235352,1.54809571,88.74809266,-183.46565247,-234.25953675,1437634264.543418,1
-1.44238282,-0.74340821,0.85839844,91.34351349,-221.06869507,8.9923668,1437634264.575565,1
-0.83154297,-1.69433594,1.68041993,160.38168335,-177.84733582,208.85496521,1437634264.634069,1
-0.36206055,1.84838868,1.53808594,-152.03053284,-149.16030884,-170.5038147,1437634264.665689,1
1.89331055,-0.72949219,-1.6538086,-163.25190735,-241.2671814,-0.59541983,1437634264.723519,1
-1.71679688,-0.51806641,1.40063477,-243.17556763,223.25190735,-96.38167573,1437634264.755363,1
-1.89160157,-1.0703125,-1.94042969,-173.67938233,208.65649415,-106.09160615,1437634264.813171,1
1.58789063,-1.77905274,1.98730469,-185.41984559,-219.96946717,-176.53434754,1437634264.845824,1
-1.81616211,-1.95263672,1.96337891,-217.08396912,249.12977601,205.83206177,1437634264.903259,1
-1.59887696,-1.04833985,1.80761719,237.84733582,-249.19084168,-237.7709961,1437634264.935651,1
-1.83056641,-0.84423829,-1.90454102,238.73281861,-248.62596131,243.84733582,1437634264.994200,1
-1.6916504,-1.10961915,-1.93359375,-218.96183777,-241.1450348,-249.83206177,1437634265.028244,1
-1.72705079,-1.08813477,-1.97338868,248.38168335,249.08396912,-241.95419312,1437634265.083413,1
-1.68212891,-1.07104493,-1.96215821,249.28244019,-245.49618531,-248.2748108,1437634265.115061,1
-1.66650391,-1.03271485,-1.96435547,250.07633973,-219.28244019,247.93893433,1437634265.173488,1
-1.67358399,-1.04809571,-1.95605469,248.51908875,-247.46565247,-242.54962159,1437634265.205211,1
-1.67382813,-1.05688477,-1.98681641,-249.25190735,244.04580689,-244.04580689,1437634265.263221,1
-1.66894532,-1.0390625,-1.97265625,249.02290345,249.02290345,-246.38168335,1437634265.295692,1
-1.64526368,-1.03613282,-1.98242188,247.78625489,-248.35115052,-233.5114441,1437634265.353847,1
-1.67089844,-1.08154297,-1.98754883,231.90840149,241.66412354,-231.84733582,1437634265.385681,1
-1.7578125,-1.05981446,-1.97167969,207.93893433,223.69465638,-184.870224,1437634265.443438,1
-1.91137696,-1.15454102,-1.89794922,-239.84733582,216.56488038,-40.44274903,1437634265.475582,1
-1.6928711,-1.94213868,-1.7619629,-202.59541321,192,-0.00763359,1437634265.533548,1
-1.93432618,-0.32617188,-1.44970704,239.75572205,-223.31297303,-0.00763359,1437634265.623972,1
-1.18237305,-0.73608399,-1.2709961,246.91603089,118.44274903,-64.68701935,1437634265.654362,1
-1.04711915,-0.00006104,-1.59399415,-169.61831666,83.64885712,194.07633973,1437634265.683338,1
-1.93017579,1.80932618,-1.24243165,-238.870224,168.82443238,90.56488801,1437634265.744251,1
-1.89501954,-0.76757813,-1.2866211,-210.91603089,-201.60305787,1.06870235,1437634265.773119,1
-1.7775879,-1.75610352,-1.95996094,201.64884949,-204.96183777,10.39694691,1437634265.802693,1
-1.61645508,-1.33374024,1.85424805,90.80915833,-227.60305787,28.70228959,1437634265.836375,1
-1.4494629,-0.38793946,1.92797852,50.47328187,-154.16793824,63.95419693,1437634265.865551,1
-0.94238282,-0.15014649,1.80151368,78.67175293,-161.83206177,36.88549805,1437634265.924789,1
1.82324219,-1.46923829,0.36157227,110.06106568,-69.7099228,92.82442475,1437634265.954964,1
-0.21533204,-1.76611329,0.5991211,105.93893433,-198.77862549,-220.47328187,1437634266.015709,1
-0.33447266,-1.97460938,1.31420899,-244.88549805,248.47328187,-227.93893433,1437634266.045416,1
1.69213868,-0.10327149,-1.30517579,-110.71755982,231.28244019,-230.06106568,1437634266.103508,1
-1.7409668,-0.71606446,1.28271485,-166.16793824,232.53434754,-41.66412354,1437634266.135662,1
-0.37744141,-0.43969727,-0.26904297,-177.0076294,243.90840149,177.67938233,1437634266.193533,1
-1.23095704,-0.73754883,-1.68286133,-216.71755982,248.44274903,248.15266419,1437634266.225882,1
-1.60058594,-0.91796875,1.88232422,239.74046326,250.10687256,235.4045868,1437634266.283508,1
-1.67944336,-0.73779297,-1.96899415,-236.03053284,-246.83969117,231.86259461,1437634266.315104,1
-1.55444336,-0.85595704,-1.89746094,245.17556763,247.95419312,229.38931275,1437634266.373513,1
-1.63232422,-1.03637696,-1.95776368,-244.96183777,243.67938233,248.1374054,1437634266.405209,1
-1.67871094,-0.9909668,-1.98461915,-249.89312745,-249.98472596,241.2671814,1437634266.463576,1
-1.63574219,-1.0600586,-1.96142579,-249.22137452,249.81678772,248.1374054,1437634266.495922,1
-1.67016602,-1.03564454,-1.97583008,245.06869507,-245.20610047,-248.58015442,1437634266.553486,1
-1.65698243,-1.06884766,-1.95581055,247.48091126,245.69465638,-242.41221619,1437634266.585689,1
-1.66479493,-1.03710938,-1.97558594,242.68702698,-249.20610047,244.41221619,1437634266.643989,1
-1.67333985,-1.06640625,-1.96557618,242.870224,-248.32061768,-240.06106568,1437634266.763574,1
-1.7006836,-1.07836915,-1.97875977,233.11450196,235.2671814,-242.54962159,1437634266.793015,1
-1.68896485,-1.0900879,-1.96582032,-221.60305787,223.3740387,-188.24427796,1437634266.822450,1
-1.8190918,-0.87988282,-1.99194336,235.74046326,206.68702698,-50.07633591,1437634266.827388,1
-1.7241211,-0.91870118,-1.74316407,-220.96183777,145.06869507,-0.00763359,1437634266.857174,1
-0.51367188,-0.00006104,-1.75805665,-231.86259461,125.98473359,-0.00763359,1437634266.913472,1
-0.93554688,-0.54711915,-1.80078125,136.09159852,77.87786103,-38.76335907,1437634266.945593,1
-0.88305665,-0.00006104,-1.1081543,73.35877991,129.75572205,-233.20610047,1437634267.004944,1
1.97509766,1.94067383,-0.84521485,-238.01527405,229.98472596,16.19847298,1437634267.035519,1
1.99169922,-1.54028321,-1.54760743,199.78625489,-143.70993042,-234.5038147,1437634267.093515,1
-1.75195313,-1.35717774,-1.98339844,120.54962159,-102.2748108,19.84732819,1437634267.125750,1
-1.30932618,-0.75952149,-1.61303711,107.93893433,-54.04580308,54.2748108,1437634267.183764,1
-0.7788086,-0.20581055,-1.89575196,134.61068726,-99.90839386,65.7709961,1437634267.215728,1
-0.17822266,-0.58959961,-1.6538086,214.30534363,-108.91603089,94.10687256,1437634267.273849,1
-0.33740235,-0.97265625,1.07788086,101.05343628,-179.83206177,108.77862549,1437634267.305210,1
-0.33276368,1.99121094,0.87646485,219.22137452,205.0076294,239.45037842,1437634267.363696,1
-0.7150879,-1.76098633,-1.56054688,-114.56488801,-223.54199219,-174.90075684,1437634267.396003,1
0.66308594,-1.76928711,-1.98120118,-242.88549805,-237.84733582,-0.00763359,1437634267.453479,1
1.82275391,-0.28027344,1.66674805,-222.93130494,212.18321229,-111.80152894,1437634267.487399,1
-1.68457032,-1.43481446,-0.84814454,-177.95419312,228.58015442,-192.35115052,1437634267.543575,1
-1.57324219,-0.83544922,-1.77563477,-163.11450196,239.81678772,246.5038147,1437634267.575455,1
-1.5209961,-0.81103516,1.88256836,249.3740387,244.74809266,222.2748108,1437634267.633583,1
-1.6171875,-0.95703125,-1.92309571,-248.56488038,249.83206177,248.01527405,1437634267.666171,1
-1.97729493,-1.00952149,-1.96655274,-232.62596131,250.03053284,234.97709656,1437634267.723786,1
-1.78637696,-1.11914063,-1.91137696,-243.03816224,249.83206177,237.81678772,1437634267.845891,1
-1.66723633,-1.94506836,-1.94921875,247.66412354,249.48091126,249.67938233,1437634267.874807,1
-1.7006836,-1.05004883,-1.94799805,248.47328187,-250,-239.11450196,1437634267.905271,1
-1.6953125,-1.05688477,-1.97485352,246.79389954,-249.80152894,-242.97709656,1437634267.962807,1
-1.67358399,-1.93969727,-1.95825196,-248.29006959,-249.09924317,249.92366028,1437634267.992837,1
-1.65869141,-1.03344727,-1.99731446,-248.61068726,244.56488038,243.3740387,1437634267.999394,1
-1.66455079,-1.04296875,-1.95410157,-248.77862549,-249.2671814,-237.08396912,1437634268.025698,1
-1.67211915,-1.05053711,-1.97949219,247.66412354,248.42747498,-238.1374054,1437634268.083604,1
-1.67041016,-1.04882813,-1.9338379,235.60305787,249.05343628,-242.59541321,1437634268.115781,1
-1.74829102,-1.09106446,-1.87329102,193.96946717,225.48091126,-196.41221619,1437634268.174029,1
1.78637696,-0.63305665,-1.89526368,239.2671814,210.71755982,-24.06106949,1437634268.205730,1
-1.66381836,-0.89990235,-1.98730469,-183.80152894,171.83206177,-0.00763359,1437634268.263600,1
-0.48779297,-0.51342774,-1.93237305,-186.99237061,135.86259461,-0.00763359,1437634268.295364,1
-1.13378907,-0.00006104,-1.65185547,-144.2748108,49.95419693,-60.12213898,1437634268.353671,1
1.23388672,-0.00006104,-1.23510743,-234.96183777,219.02290345,83.96946717,1437634268.385772,1
-1.64892579,-1.93579102,-1.32128907,-197.08396912,-249.67938233,57.54198456,1437634268.443709,1
-1.7565918,-1.41699219,-1.68334961,245.03816224,-219.54199219,-234.5038147,1437634268.476281,1
-1.5600586,-1.4494629,-1.92919922,166.01527405,-232.04580689,-234.5038147,1437634268.533584,1
-1.35253907,-0.97119141,-1.78515625,88.87023163,-161.75572205,55.60305405,1437634268.565766,1
-1.2475586,-0.88085938,1.61328125,52.21374131,-172.51908875,74.6412201,1437634268.623544,1
-0.97192383,-0.53979493,1.75292969,-228.56488038,-175.23664856,-228.15266419,1437634268.655438,1
-0.00006104,-0.23657227,1.85742188,186.33587647,-179.89312745,121.64885712,1437634268.713553,1
-0.41259766,-1.99682618,0.88378907,206.96183777,-241.46565247,184.19847107,1437634268.745796,1
-1.9194336,-1.97192383,1.47387696,-136.32061768,-247.25190735,-170.15266419,1437634268.804919,1
0.6369629,-1.33544922,1.19604493,-248.61068726,-240.77862549,-28.68702317,1437634268.836080,1
-1.0612793,-0.00006104,1.96337891,-175.98472596,228,-189.78625489,1437634268.893562,1
-0.4921875,-0.00006104,1.57080079,-137.23664856,233.32824708,157.69465638,1437634268.925915,1
-1.19555665,-0.13354493,-1.83032227,226.870224,240.58015442,135.03816224,1437634268.983828,1
-1.3803711,-0.91137696,-1.58496094,-240.53434754,-241.16030884,-223.7709961,1437634269.044976,1
-1.44140625,-1.38500977,1.97094727,-221.20610047,246.80915833,221.80152894,1437634269.073697,1
-1.69702149,-0.90136719,-1.99853516,-250.01527405,-249.78625489,217.93893433,1437634269.104932,1
-1.66528321,-1.05712891,-1.9350586,-246.65649415,-248.90075684,232.77862549,1437634269.164500,1
-1.6694336,-1.03735352,-1.96044922,-247.19084168,250.09159852,-247.2671814,1437634269.195726,1
-1.69824219,-1.01855469,-1.97729493,-249.11450196,-249.84733582,244.21374512,1437634269.253594,1
-1.65332032,-1.05639649,-1.94897461,-248.38168335,-248.82443238,243.49618531,1437634269.285329,1
-1.97973633,-1.02929688,-1.97021485,245.3740387,248.5038147,-240.51908875,1437634269.343627,1
-1.66381836,-1.03637696,-1.95800782,247.60305787,-241.02290345,-243.34350586,1437634269.375738,1
-1.66528321,-1.04858399,-1.96557618,248.83969117,247.05343628,-241.16030884,1437634269.436003,1
-1.66674805,-1.05590821,-1.97900391,249.16030884,244.24427796,-236.80915833,1437634269.465808,1
-1.63403321,-1.06469727,-1.94506836,227.52671814,-219.57252503,-241.60305787,1437634269.523980,1
-1.77978516,-1.0522461,-1.84692383,186.56488038,216.42747498,-167.70993042,1437634269.555745,1
-1.97680665,-1.37963868,-1.90917969,-211.28244019,195.90840149,-0.00763359,1437634269.612540,1
-1.4494629,-1.2878418,1.93090821,-220.38168335,-224.74809266,-0.00763359,1437634269.645281,1
-0.58789063,-0.03320313,-1.984375,-202.70228577,124.83969117,-0.00763359,1437634269.675244,1
-1.70800782,-0.00006104,-1.79272461,-228.76335145,32.10686875,-65.92366791,1437634269.735086,1
1.89501954,1.85913086,-1.6459961,-228.16793824,120.61068726,24.64122201,1437634269.765728,1
1.94580079,-0.77197266,-1.28466797,-249.22137452,-242.80915833,74.19847107,1437634269.823762,1
-1.83154297,-1.48950196,-1.81030274,242.07633973,-182,36.22900773,1437634269.855544,1
-1.6784668,-1.16967774,1.97827149,124.38167573,-122.04579926,42.01526642,1437634269.913624,1
-1.51123047,-1.1159668,-1.81469727,151.05343628,-240.65649415,72.68701935,1437634269.945339,1
-0.91674805,-0.3972168,-1.98217774,81.17557526,-106.68701935,67.25190735,1437634270.033623,1
-0.73999024,-0.56542969,-1.95703125,93.67938996,-179.4045868,59.43511582,1437634270.064485,1
-0.25244141,-1.49658204,1.43408204,121.35877991,-248.48855591,157.75572205,1437634270.093639,1
-0.4272461,-1.29199219,1.8269043,201.25190735,-233.72518921,165.11450196,1437634270.125938,1
-0.64526368,-1.93457032,1.82250977,-174.5038147,-187.93893433,-186.21374512,1437634270.183629,1
0.92700196,-1.95581055,-1.93432618,-122.01526642,-187.02290345,-31.32824517,1437634270.215513,1
-1.43481446,-1.07421875,1.01074219,-230.32061768,234.10687256,-30.39694596,1437634270.273443,1
0.43847657,0.80664063,-1.82080079,-178.58015442,217.89312745,-44.16793824,1437634270.307127,1
-1.78417969,1.6706543,-1.83154297,-237.48091126,246.94656373,-178.38168335,1437634270.363703,1
1.88769532,-1.53027344,-1.87060547,250.01527405,249.20610047,-212.1374054,1437634270.395736,1
-1.88232422,-1.26171875,-1.95336915,248.93130494,-249.48091126,-230.04580689,1437634270.454511,1
-1.83081055,-1.1796875,-1.95800782,245.06869507,246.01527405,-241.74046326,1437634270.485364,1
-1.71459961,-1.07006836,-1.96191407,248.51908875,-247.08396912,248.74809266,1437634270.543642,1
-1.6604004,-1.93969727,-1.9963379,-219.08396912,247.66412354,246.51908875,1437634270.575947,1
-1.66772461,-1.0366211,-1.96655274,-249.87786866,246.85496521,-244.06106568,1437634270.633549,1
-1.66503907,-1.05151368,-1.95947266,-249.23664856,-242.67175293,-242.42747498,1437634270.665505,1
-1.67236329,-1.04809571,-1.95874024,249.80152894,-249.52671814,-248.58015442,1437634270.725886,1
-1.6850586,-1.06054688,-1.9650879,-247.06869507,249.90840149,-249.80152894,1437634270.755652,1
-1.68066407,-1.07543946,-1.9597168,-249.38931275,242.71755982,249.54199219,1437634270.813775,1
-1.66967774,-1.05371094,-1.95336915,247.4045868,247.0076294,-248.03053284,1437634270.845907,1
-1.68408204,-1.05688477,-1.93896485,237.32824708,247.19084168,-246.90075684,1437634270.903607,1
-1.71459961,-1.04711915,-1.91699219,222.5038147,230.01527405,-221.67938233,1437634270.935400,1
-1.98413086,-1.00488282,-1.86401368,-244,-220.38168335,-108.94656373,1437634270.993617,1
-1.67333985,-1.20678711,-1.92895508,-235.12977601,199.54199219,-2.19847322,1437634271.053080,1
-1.42480469,-1.94873047,-1.90136719,-233.54199219,158.76335145,-0.00763359,1437634271.083703,1
-1.8959961,-0.33374024,1.87695313,210.33587647,141.89312745,-5.25190831,1437634271.116053,1
-1.25317383,-0.00006104,-1.8100586,217.4045868,31.05343438,-148.10687256,1437634271.175958,1
1.6694336,-1.43212891,-1.75390625,119.5725174,102.99236298,33.05343628,1437634271.205774,1
-1.94824219,-1.22314454,-0.99291993,-218.48855591,-231.35877991,63.03816605,1437634271.263506,1
-1.77270508,-1.56835938,-1.98364258,192.90075684,-171.05343628,45.66412354,1437634271.297145,1
-1.60644532,-1.12670899,-1.89282227,117.03816987,-186.19847107,43.22137452,1437634271.354113,1
-1.57958985,-0.92578125,-1.89941407,67.81679535,-143.09924317,94.2748108,1437634271.385758,1
-0.9675293,-0.28149415,1.75976563,65.1450348,-196,72.85496521,1437634271.443982,1
-0.89770508,-0.62182618,1.98583985,81.38931275,-172.870224,103.87786103,1437634271.475466,1
-0.67260743,-0.73706055,1.65014649,232,-210.62596131,143.41984559,1437634271.533646,1
-0.84887696,-1.40209961,1.49829102,213.34350586,-227.98472596,189.86259461,1437634271.565327,1
-1.36181641,-1.53491211,1.50219727,-134.58015442,-208.19847107,-212.15266419,1437634271.624967,1
1.8947754,-0.92431641,-1.97827149,-94.03053284,-227.31297303,-248.93130494,1437634271.655796,1
1.97436524,-1.2565918,-1.92944336,214.62596131,-239.1450348,-37.75572587,1437634271.713719,1
-1.56274415,-0.31811524,1.92626954,-196.94656373,227.7709961,-157.34350586,1437634271.745644,1
-1.93164063,-0.67260743,-1.55859375,-198.06106568,227.20610047,-159.03816224,1437634271.803654,1
-1.75390625,-1.08422852,1.36303711,-204.12213135,-249.61831666,243.12977601,1437634271.835872,1
-1.54370118,-0.86669922,-1.76538086,245.81678772,-248.39694214,237.75572205,1437634271.893665,1
-1.69873047,-1.93237305,-1.90747071,249.19084168,-245.17556763,248.06106568,1437634271.926024,1
-1.65039063,-1.03442383,-1.96020508,-245.78625489,250.01527405,241.1450348,1437634271.983685,1
-1.67309571,-1.93872071,-1.98168946,-248.19847107,-247.29771424,-246.73281861,1437634272.015973,1
-1.66528321,-1.05395508,-1.97216797,-248.39694214,-248.65649415,241.35877991,1437634272.073751,1
-1.68164063,-1.04101563,-1.98559571,-248.97709656,247.06869507,246.79389954,1437634272.106522,1
-1.67895508,-1.0612793,-1.96655274,249.61831666,247.28244019,-241.25190735,1437634272.163726,1
-1.66455079,-1.04296875,-1.98779297,247.7709961,-245.05343628,244.21374512,1437634272.195816,1
-1.66308594,-1.05541993,-1.96386719,245.41984559,242.68702698,245.80152894,1437634272.253388,1
-1.65673829,-1.04541016,-1.97265625,241.49618531,240.94656373,-235.96946717,1437634272.285639,1
-1.7019043,-1.93945313,-1.97045899,235.87786866,245.92366028,-235.12977601,1437634272.343710,1
-1.6994629,-1.08911133,-1.9494629,215.12977601,234.48855591,-216.59541321,1437634272.375893,1
-1.73950196,-1.06445313,-1.93359375,226.07633973,219.03816224,-116.35114289,1437634272.434174,1
-1.72973633,-1.02392579,-1.73242188,-228.01527405,197.31297303,-0.00763359,1437634272.465468,1
-1.50390625,-1.23706055,-1.84106446,247.06869507,145.08396912,-0.00763359,1437634272.523722,1
-0.44799805,-0.00006104,-1.8713379,161.74046326,-228.29006959,-7.57251931,1437634272.555203,1
1.62011719,-0.00006104,1.88378907,-138.39694214,-234.5038147,-223.95419312,1437634272.613853,1
-1.46582032,1.58374024,-1.26635743,207.55725098,-225.17556763,104.29007721,1437634272.648112,1
1.87939454,-1.06884766,-1.07836915,-233.41984559,-171.41984559,34.87022782,1437634272.703774,1
-1.70703125,-1.40820313,-1.76806641,228.53434754,-111.72518921,-234.1374054,1437634272.735783,1
-1.98559571,-1.75732422,1.83666993,-226.04580689,-243.09924317,70.19847107,1437634272.793920,1
-1.33251954,-0.76684571,-1.63549805,119.5725174,-63.80152512,118.09160615,1437634272.826747,1
-1.87866211,-1.16772461,1.64453125,37.00763321,-221.7709961,46.51908494,1437634272.883734,1
-0.00006104,-0.34814454,-1.36816407,23.98473359,-243.58778382,169.92366028,1437634272.915820,1
-0.97119141,-1.10546875,0.51049805,125.19084168,-189.84733582,122.15267182,1437634272.973845,1
-0.83740235,-1.99291993,1.31933594,202.88549805,236.21374512,202.35115052,1437634273.006007,1
-0.99731446,-1.30175782,-1.74584961,-91.67938996,-249.52671814,-243.5114441,1437634273.063694,1
1.86206055,-1.04125977,-1.85498047,-9.6030531,-230.96183777,198.85496521,1437634273.095724,1
-1.12768555,-1.62597657,1.03442383,-232.74809266,237.87786866,-13.29770947,1437634273.155743,1
-0.14233399,-0.3791504,1.84057618,-57.43511582,245.03816224,-86.82442475,1437634273.185625,1
-1.5197754,-1.30688477,1.57299805,-225.66412354,242.53434754,-214.77862549,1437634273.243536,1
-1.2265625,-0.65893555,-1.92285157,-225.19084168,-225.80152894,226.21374512,1437634273.276533,1
-1.62841797,-1.11889649,1.99804688,-221.0076294,-249.67938233,-241.98472596,1437634273.333768,1
-1.97021485,-1.1237793,-1.99243165,247.06869507,-248.5038147,238.38168335,1437634273.365849,1
-1.62329102,-0.97631836,-1.93847657,249.11450196,-249.22137452,-240.68702698,1437634273.423420,1
-1.65917969,-1.04101563,-1.95825196,246.42747498,248.35115052,-239.23664856,1437634273.456887,1
-1.65966797,-1.05297852,-1.97900391,-247.3740387,-248.96183777,-238.61068726,1437634273.513721,1
-1.67700196,-1.05419922,-1.95874024,245.61831666,249.92366028,246.83969117,1437634273.545897,1
-1.66186524,-1.05493165,-1.95947266,249.74046326,247.78625489,-242.61068726,1437634273.604839,1
-1.66723633,-1.0588379,-1.9663086,-246.70228577,-246.54962159,-245.86259461,1437634273.635872,1
-1.65649415,-1.0703125,-1.95922852,-249.4045868,-249.09924317,-247.4045868,1437634273.693563,1
-1.66479493,-1.04907227,-1.95825196,249.32824708,-219.35877991,-238.5038147,1437634273.725509,1
-1.64111329,-1.06958008,-1.94726563,242.44274903,244.74809266,-244.5038147,1437634273.783958,1
-1.65893555,-1.0703125,-1.94897461,229.34350586,237.7709961,-237.58778382,1437634273.815962,1
-1.6796875,-1.04736329,-1.92236329,205.89312745,227.52671814,-248.04580689,1437634273.873759,1
-1.78491211,-1.08911133,-1.79199219,-234.83969117,215.45037842,-86,1437634273.905961,1
-1.7084961,-1.18066407,-1.91088868,-223.46565247,182.51908875,-0.00763359,1437634273.963765,1
-1.1081543,-0.73461915,-1.69140625,-199.49618531,171.03816224,-0.00763359,1437634273.995945,1
-0.77563477,-0.72998047,-1.9519043,135.55725098,-229.1450348,-52.44274903,1437634274.053748,1
-1.15649415,-1.92041016,-0.00006104,152.18321229,46.3511467,-234.5038147,1437634274.085671,1
1.5703125,-1.43847657,-1.95922852,-238.48855591,191.70993042,113.11450196,1437634274.143784,1
-1.42797852,-1.18530274,-1.04296875,-194.12213135,-242.10687256,33.84732819,1437634274.175682,1
-1.70458985,-1.81958008,-1.87792969,237.22137452,-115.61832428,83.74045563,1437634274.233440,1
-1.42407227,-1.26831055,-1.64086915,180.71755982,-112.6412201,-228.18321229,1437634274.266804,1
-0.85522461,-0.79150391,-1.70117188,195.35877991,-103.11450196,85.7709961,1437634274.323818,1
-0.7409668,-0.7878418,1.97705079,156.6412201,-182.39694214,88.30534363,1437634274.355546,1
-1.07348633,-0.83032227,-1.84204102,103.34351349,-144.2748108,126.45801545,1437634274.444798,1
-0.8088379,-0.6640625,1.5197754,156.03053284,-219.11450196,110.1374054,1437634274.473357,1
-1.0666504,-1.7631836,1.42529297,176,-246.01527405,216.12213135,1437634274.503811,1
-1.02587891,-1.54223633,-1.76416016,-158.33587647,-241.96946717,-221.11450196,1437634274.536009,1
-1.9597168,-1.01782227,-1.86010743,-235.89312745,-219.28244019,-219.84733582,1437634274.594520,1
-1.25073243,-1.09570313,1.24682618,-249.11450196,231.89312745,-77.16030884,1437634274.625263,1
-1.32495118,-0.19213868,-1.50585938,-138.39694214,220.12213135,117.83206177,1437634274.683739,1
-0.8166504,-0.06713868,-1.62304688,-207.23664856,240.10687256,222.71755982,1437634274.715643,1
-1.41601563,-0.77197266,-1.99145508,-238.09159852,-245.02290345,218.74809266,1437634274.775203,1
-1.37890625,-0.55175782,1.82177735,229.20610047,-246.870224,239.06869507,1437634274.806073,1
-1.66870118,-1.91601563,-1.96386719,243.6335907,244.58015442,230.30534363,1437634274.892907,1
-1.6135254,-1.02270508,-1.95800782,246.42747498,246.48855591,-249.16030884,1437634274.898045,1
-1.64746094,-0.99682618,-1.97705079,247.06869507,-218.96183777,-242.99237061,1437634274.954142,1
-1.67309571,-1.93945313,-1.96728516,248.45800782,-247.74046326,239.81678772,1437634274.986194,1
-1.6784668,-1.03247071,-1.95581055,247.16030884,249.25190735,247.09924317,1437634275.043743,1
-1.69653321,-1.06152344,-1.94995118,246.5038147,245.22137452,249.93893433,1437634275.075644,1
-1.67382813,-1.04492188,-1.95629883,247.57252503,248.82443238,-241.41984559,1437634275.133752,1
-1.68896485,-1.06274415,-1.94824219,248.1374054,249.06869507,242.88549805,1437634275.165957,1
-1.67773438,-1.04956055,-1.96142579,247.25190735,249.03816224,-219.0076294,1437634275.224393,1
-1.66870118,-1.04956055,-1.96289063,245.28244019,244.870224,-249.60305787,1437634275.256445,1
-1.67651368,-1.05273438,-1.98535157,246.47328187,250,-239.95419312,1437634275.313771,1
-1.6550293,-1.0900879,-1.94775391,-219.70993042,243.90840149,-247.60305787,1437634275.346070,1
-1.67626954,-1.02441407,-1.93408204,219.57252503,236.09159852,-217.67938233,1437634275.403969,1
-1.72924805,-1.02636719,-1.9050293,214.58015442,229.75572205,-144.62596131,1437634275.436986,1
-1.7109375,-0.99072266,-1.94995118,-236.12213135,228.58015442,-49.63358689,1437634275.524367,1
-1.51416016,-1.04003907,-1.8479004,-240.62596131,-222.24427796,-0.00763359,1437634275.553579,1
-1.9128418,-0.19360352,-1.78808594,-236.54962159,158.5038147,-18.01526642,1437634275.585059,1
-1.24780274,-0.97607422,-1.85253907,236.18321229,109.23664094,-28.03053475,1437634275.675173,1
-1.9128418,-0.00006104,1.5859375,177.32824708,130.44274903,7.72519064,1437634275.704528,1
1.83203125,-1.70385743,-1.00146485,-218.96183777,233.31297303,87.03816987,1437634275.734121,1
-1.68359375,-1.17749024,-1.1015625,-155.96946717,-91.38931275,-234.5038147,1437634275.765277,1
-1.69775391,-1.89501954,1.99145508,210.10687256,-98.32061005,51.9236641,1437634275.797119,1
-1.21264649,-1.92504883,-1.23461915,209.41984559,-22.77862549,64.41221619,1437634275.853811,1
-0.86303711,-0.5366211,-1.57666016,214.51908875,-24.10687066,38.717556,1437634275.886416,1
-0.82714844,-0.66503907,-1.9819336,-133.6335907,-130.44274903,204.09159852,1437634275.944398,1
-0.58203125,-1.72778321,-1.84106446,175.46565247,-90.67175293,237.5114441,1437634275.975918,1
-0.26147461,-1.18139649,1.75292969,81.38931275,-87.32824708,205.32824708,1437634276.033767,1
-0.00006104,-1.5900879,-1.99243165,-160.77862549,-162.33587647,-240.22900391,1437634276.065583,1
1.69750977,-0.78735352,-1.47143555,-130.29006959,-194.53434754,204.44274903,1437634276.123754,1
-0.9897461,-0.48217774,0.25927735,-248.56488038,190.18321229,-179.55725098,1437634276.155856,1
-1.66088868,-0.78979493,-0.58813477,-121.45037842,213.16030884,-233.89312745,1437634276.245223,1
-1.50097657,-1.05517579,-1.77368165,-198.6412201,237.32824708,-199.64884949,1437634276.273615,1
-1.56713868,-0.88916016,-1.8725586,-216.30534363,241.08396912,-214.2748108,1437634276.303826,1
-1.65039063,-1.10351563,-1.99609375,-235.78625489,247.96946717,-233.98472596,1437634276.336071,1
-1.65527344,-0.96679688,1.96386719,-245.78625489,-248.21374512,249.80152894,1437634276.393829,1
-1.67333985,-1.03857422,-1.99902344,-242.59541321,-245.20610047,-241.67938233,1437634276.425601,1
-1.6604004,-1.07592774,-1.95654297,-248.88549805,248.1374054,-249.60305787,1437634276.483850,1
-1.6616211,-1.08374024,-1.95874024,-248.56488038,-248.99237061,-249.70993042,1437634276.515597,1
-1.68994141,-1.20117188,-1.95654297,-248.90075684,-249.80152894,-244.54962159,1437634276.574713,1
-1.69604493,-1.07080079,-1.97802735,-249.22137452,246.38168335,-241.45037842,1437634276.605619,1
-1.68554688,-1.06298829,-1.9741211,-248.79389954,246.71755982,-219.06869507,1437634276.663613,1
-1.68066407,-1.07128907,-1.95556641,249.80152894,-244.77862549,-241.78625489,1437634276.696156,1
-1.68237305,-1.05517579,-1.9741211,-244.97709656,248.62596131,245.78625489,1437634276.755192,1
-1.67578125,-1.05834961,-1.97070313,-246.93130494,249.34350586,-244.70228577,1437634276.785575,1
-1.68090821,-1.05517579,-1.97998047,-248.97709656,-246.58015442,-219.08396912,1437634276.843694,1
-1.68554688,-1.05810547,-1.96533204,-249.75572205,-247.19084168,-247.16030884,1437634276.875909,1
-1.66674805,-1.06982422,-1.97241211,-247.80152894,-247.93893433,245.66412354,1437634276.933524,1
-1.64794922,-1.04882813,-1.96728516,243.7709961,246.58015442,248.36640931,1437634276.965717,1
-1.6796875,-1.03222657,-1.99584961,232.44274903,234.65649415,237.03816224,1437634277.023348,1
-1.7072754,-1.38012696,-1.75439454,238.29006959,-244.53434754,-246.39694214,1437634277.055485,1
-1.87524415,-0.87231446,-1.84594727,-205.69465638,231.66412354,-118.51908112,1437634277.114063,1
-1.67553711,-0.8713379,-1.67797852,-123.26717377,204.71755982,-57.29771042,1437634277.146068,1
-1.26367188,-0.4140625,-1.97192383,-3.91603065,161.66412354,-98.16793824,1437634277.203802,1
1.60351563,-0.71215821,-1.44775391,-0.00763359,223.22137452,-118.47328187,1437634277.236105,1
-0.66772461,-0.47045899,-1.65917969,-232.07633973,-204.15266419,46.56488419,1437634277.293840,1
-1.97973633,-1.32470704,-1.7788086,-237.09924317,-194.21374512,76.87023163,1437634277.325913,1
-1.6291504,-1.14404297,-1.46459961,-244.15266419,-127.22137452,51.16030503,1437634277.383750,1
-1.27954102,-1.0769043,-1.72900391,212.83969117,-101.45037842,57.03816605,1437634277.416615,1
-1.06591797,-0.73779297,-1.51904297,-220.04580689,-32.83969498,-228.1374054,1437634277.473923,1
-0.86865235,-0.99291993,-1.23339844,-221.93893433,-0.00763359,144.93130494,1437634277.535613,1
-0.79907227,-1.02539063,-1.55322266,-213.31297303,-0.00763359,183.05343628,1437634277.564833,1
-1.01953125,-1.95043946,1.93896485,220.58015442,-72.12213898,222.35115052,1437634277.597094,1
-1.10595704,-1.10351563,1.91137696,141.17556763,-249.78625489,208.83969117,1437634277.653831,1
-1.17553711,-1.04907227,-1.89819336,106.94656373,189.31297303,171.29771424,1437634277.685950,1
-1.31982422,-1.22119141,-1.83178711,84.51908112,199.66412354,181.17556763,1437634277.743828,1
-1.20654297,-1.6953125,-1.85449219,158.77862549,-234.29006959,245.16030884,1437634277.775639,1
-1.26000977,-1.1538086,-1.86816407,243.05343628,-94.93129731,-203.05343628,1437634277.833897,1
-1.29003907,-1.25195313,-1.95166016,-214.83969117,-75.72518921,-173.96946717,1437634277.866038,1
-1.14526368,-1.47094727,1.83081055,-72.65648652,-73.26717377,-195.70993042,1437634277.925395,1
-1.875,-0.81811524,0.12207032,214.42747498,-216.6412201,-48.04580308,1437634277.955985,1
1.05371094,-1.06713868,-1.96118165,198.24427796,225.80152894,-102.42748261,1437634278.013797,1
1.65332032,-1.01171875,-1.57470704,-221.83206177,240.10687256,249.41984559,1437634278.045721,1
-1.61865235,-0.76464844,-1.96459961,-203.43511963,242.70228577,-248.96183777,1437634278.103879,1
-1.55810547,-1.0065918,-1.8647461,-248.35115052,248.42747498,246.41221619,1437634278.136073,1
-1.62182618,-0.96362305,1.99707032,-249.3740387,-249.29771424,228.47328187,1437634278.193814,1
-1.78320313,-1.0366211,-1.98828125,226.83969117,-249.75572205,241.38931275,1437634278.225468,1
-1.75097657,-1.16650391,-1.86914063,225.75572205,-244.15266419,247.20610047,1437634278.283859,1
-1.76660157,-1.05517579,-1.85668946,248.36640931,245.6335907,-247.46565247,1437634278.316108,1
-1.71972657,-1.03588868,-1.9050293,-224.56488038,248.45800782,-235.38931275,1437634278.373694,1
-1.70703125,-1.05615235,-1.93798829,-227.75572205,241.81678772,-239.87786866,1437634278.407599,1
-1.68066407,-1.02856446,-1.95654297,-243.0076294,250.01527405,-244.33587647,1437634278.463996,1
-1.69604493,-1.03759766,-1.93481446,-247.19084168,242.82443238,-249.02290345,1437634278.496155,1
-1.67578125,-1.05078125,-1.93652344,248.5038147,244.74809266,246.36640931,1437634278.554721,1
-1.68286133,-1.93969727,-1.94091797,243.0076294,249.60305787,-240.6412201,1437634278.585668,1
-1.68286133,-1.04736329,-1.94750977,241.34350586,-249.3740387,-247.1450348,1437634278.643912,1
-1.70117188,-1.0678711,-1.92773438,243.45037842,247.84733582,-240.18321229,1437634278.676069,1
-1.67236329,-1.0510254,-1.99462891,244.71755982,-249.20610047,-245.96946717,1437634278.735792,1
-1.67749024,-1.05395508,-1.99536133,244.01527405,-244.33587647,-233.48091126,1437634278.765740,1
-1.68359375,-1.04125977,-1.87548829,247.78625489,233.22137452,-205.29771424,1437634278.823815,1
-1.75634766,-1.0354004,-1.96044922,231.95419312,226.45800782,-140.09159852,1437634278.855621,1
-1.98022461,-1.94018555,-1.86987305,217.95419312,212.54962159,-53.5725174,1437634278.943267,1
-1.49902344,-1.17089844,-1.95507813,-219.6335907,218.71755982,-0.00763359,1437634278.946880,1
-0.98291016,-0.19482422,-1.38891602,-188.51908875,184.39694214,-0.00763359,1437634279.003907,1
-1.0209961,-0.99487305,-1.68286133,226.33587647,145.46565247,-0.00763359,1437634279.036177,1
-0.20458985,-0.00006104,-0.64575196,-206.39694214,103.435112,85.6335907,1437634279.094044,1
1.71411133,-1.59155274,-1.42285157,-213.74046326,210.74809266,36.24427414,1437634279.125445,1
-1.45874024,-1.0510254,-0.99487305,-122,-190.83969117,-234.5038147,1437634279.183950,1
-1.38427735,-1.47778321,-1.96948243,-202.42747498,-147.19084168,-234.5038147,1437634279.216086,1
-1.13720704,-1.66894532,-1.61743165,182.5038147,-209.3740387,19.81679345,1437634279.273917,1
-1.01098633,-0.90869141,-1.28466797,115.95420075,-129.87786866,84.33587647,1437634279.306145,1
-0.36547852,-0.66455079,-1.49072266,140.93130494,-110.04579926,98.36640931,1437634279.363713,1
-0.99121094,-0.75756836,-1.97949219,132.41221619,-105.72518921,124.80915833,1437634279.397458,1
-1.10278321,-0.62963868,1.92651368,187.87786866,-109.29770661,196.44274903,1437634279.453918,1
-0.49707032,-1.96679688,1.17773438,-224.82443238,-197.81678772,209.96946717,1437634279.486096,1
-0.54760743,-1.7229004,1.95947266,-131.81678772,-130.12213135,-189.89312745,1437634279.543599,1
-1.93090821,-1.08007813,-1.8503418,-42.19847489,-198.51908875,-37.80152512,1437634279.575706,1
-1.53466797,-0.5612793,0.3725586,-211.84733582,208.42747498,-48.53435135,1437634279.634647,1
-1.37890625,-0.95336915,-0.85449219,-155.58778382,223.03816224,-66.15267182,1437634279.665684,1
-1.95483399,1.69067383,1.38916016,-187.87786866,239.61831666,-182.44274903,1437634279.725870,1
-1.9338379,-1.68969727,-1.66308594,212.36640931,245.25190735,-171.43511963,1437634279.757017,1
1.9428711,-0.70043946,1.84960938,229.84733582,-246.35115052,-206.6412201,1437634279.813878,1
-1.64819336,-1.1159668,1.95263672,232.06106568,244.76335145,-232.41221619,1437634279.846121,1
-1.70141602,-0.97851563,-1.94702149,244.5038147,246.61068726,-219.90840149,1437634279.903895,1
-1.71289063,-1.0209961,-1.95214844,249.06869507,247.0076294,-242.10687256,1437634279.936545,1
-1.97875977,-1.0900879,-1.97094727,-248.51908875,-246.44274903,-249.67938233,1437634279.994028,1
-1.69604493,-1.08178711,-1.95385743,-247.93893433,-249.57252503,-242.76335145,1437634280.025965,1
-1.68652344,-1.06372071,-1.96923829,249.6335907,-248.62596131,-235.96946717,1437634280.084007,1
-1.67309571,-1.9416504,-1.97338868,-248.70228577,-218.93130494,245.74046326,1437634280.146231,1
-1.70214844,-1.07177735,-1.98046875,246.870224,249.22137452,-237.35877991,1437634280.174819,1
-1.66699219,-1.94116211,-1.9663086,242.62596131,248.80915833,-238.99237061,1437634280.205868,1
-1.71240235,-1.03686524,-1.95874024,241.43511963,243.90840149,-247.06869507,1437634280.263922,1
-1.74023438,-1.9428711,-1.9338379,196.73281861,228.10687256,-187.74046326,1437634280.296100,1
-1.98486329,-1.12280274,-1.78222657,-190.45800782,207.61831666,-0.24427481,1437634280.353755,1
-1.69799805,-1.09619141,-1.95605469,-185.02290345,-224.04580689,-0.00763359,1437634280.387026,1
-0.46435547,-0.21972657,1.80395508,-221.93893433,141.96946717,-4,1437634280.443911,1
1.07324219,-0.00006104,-1.46923829,-29.80152703,-234.5038147,-29.95419884,1437634280.476175,1
-1.48608399,-1.76904297,-1.54248047,140.94656373,151.48091126,44,1437634280.534044,1
1.9909668,-0.88330079,-0.9753418,239.66412354,231.06869507,35.67938996,1437634280.565766,1
-1.46069336,-1.15283204,-1.4885254,235.43511963,-122.54962159,19.86259461,1437634280.624355,1
-1.47070313,-1.43090821,-1.92504883,129.17556763,-115.34351349,64.18320466,1437634280.656044,1
-1.33251954,-0.84667969,-1.94335938,111.7099228,-117.41984559,55.74045945,1437634280.713861,1
-0.94921875,-0.59228516,1.64624024,86.73282624,-158.80915833,45.9236641,1437634280.745829,1
-0.89941407,-0.52075196,-1.72753907,-247.1450348,-148.62596131,159.84733582,1437634280.803895,1
-1.64916993,-0.1940918,-1.79736329,192.85496521,-121.84732819,-224.32061768,1437634280.836189,1
-1.91064454,-1.15917969,1.75805665,229.12977601,-140.36640931,220.22900391,1437634280.895660,1
-0.58544922,-1.71240235,1.51684571,-171.78625489,-155.11450196,-220.44274903,1437634280.927707,1
1.50561524,-1.08422852,-1.76782227,-196.870224,-242.42747498,-141.93893433,1437634280.983976,1
-1.32592774,-0.8046875,0.80541993,-201.95419312,228.01527405,-66.19847107,1437634281.015802,1
-1.57177735,-1.28979493,-1.07275391,-135.49618531,234.18321229,-101.22137452,1437634281.073995,1
-1.78735352,1.29174805,1.81201172,-182.33587647,231.3740387,-216.77862549,1437634281.106209,1
1.88476563,-1.00366211,1.83935547,-240.90075684,249.38931275,238.03053284,1437634281.163932,1
-1.75488282,-1.6928711,-1.92041016,-244,-249.90840149,-247.93893433,1437634281.195916,1
-1.8635254,-1.1472168,-1.92309571,242.04580689,-248.76335145,-229.95419312,1437634281.253668,1
-1.8112793,-1.12646485,-1.91186524,244.71755982,-245.52671814,-242.47328187,1437634281.286182,1
-1.69970704,-1.10180665,-1.90478516,249.55725098,-248.03053284,-242.15266419,1437634281.343750,1
-1.76831055,-1.11425782,-1.92431641,249.02290345,247.48091126,-231.90840149,1437634281.376691,1
-1.72949219,-1.9428711,-1.96313477,-246.56488038,-249.5114441,-237.25190735,1437634281.433987,1
-1.7163086,-1.09497071,-1.94018555,247.29771424,-249.23664856,-236.88549805,1437634281.496147,1
-1.69238282,-1.94116211,-1.94555665,248.15266419,-248.77862549,-248.38168335,1437634281.525486,1
-1.68115235,-1.94067383,-1.94555665,243.31297303,-249.02290345,-245.3740387,1437634281.555857,1
-1.69482422,-1.07104493,-1.93261719,244.45800782,248.51908875,-248.80915833,1437634281.613997,1
-1.67041016,-1.07153321,-1.99560547,245.3740387,238.80915833,-231.06869507,1437634281.645827,1
-1.74267579,-0.98461915,-1.9584961,235.98472596,237.11450196,-180.04580689,1437634281.705000,1
-1.79199219,-1.07983399,-1.97680665,221.90840149,225.48091126,-114.82442475,1437634281.737391,1
-1.99365235,-1.93481446,-1.79418946,245.06869507,-221.86259461,-0.00763359,1437634281.795477,1
-1.31103516,-0.58300782,-1.86865235,-216.03053284,173.89312745,-0.00763359,1437634281.826036,1
-1.25048829,-0.98754883,-1.61181641,204.5038147,145.2671814,-0.00763359,1437634281.884869,1
-1.48779297,-0.74902344,-0.00006104,-208.77862549,0.67175574,-234.5038147,1437634281.915934,1
1.78051758,-1.00854493,-1.37841797,194.44274903,131.69465638,18.8549614,1437634281.974101,1
-1.64160157,-1.54858399,-0.89257813,-153.80152894,-208.70228577,-234.5038147,1437634282.006134,1
-1.76342774,-1.78466797,-1.3569336,-229.7709961,-57.9236641,-234.5038147,1437634282.064358,1
-0.97924805,-1.0378418,-1.73681641,211.64884949,-116.15267182,25.69465638,1437634282.096221,1
-1.15112305,-1.1147461,-1.87402344,74.04579926,-114.61068726,51.37404633,1437634282.154268,1
-0.19628907,-0.55004883,-1.49707032,141.84733582,-77.72518921,24.47328187,1437634282.185880,1
-1.90893555,-0.90893555,1.04296875,-224.48855591,246.10687256,70.32061005,1437634282.244050,1
-0.60278321,-0.34472657,1.99121094,233.38931275,-249.1450348,162.01527405,1437634282.304898,1
-0.30615235,-1.48706055,1.63623047,-98.88549805,-211.67938233,-248.07633973,1437634282.336126,1
1.7163086,-0.5378418,1.72167969,-204.71755982,195.38931275,-0.00763359,1437634282.393802,1
1.98046875,-0.00006104,-1.51806641,-227.90840149,223.11450196,-119.58778382,1437634282.424008,1
-1.00292969,-0.49340821,1.53515625,-173.34350586,243.52671814,186.62596131,1437634282.455484,1
-1.18164063,-0.54272461,-1.47900391,-193.34350586,242.80915833,206.44274903,1437634282.513871,1
-1.99560547,-1.44458008,1.48242188,241.86259461,-247.84733582,-217.96946717,1437634282.547992,1
-1.81518555,-0.50634766,-1.99853516,224.45800782,-219.02290345,231.49618531,1437634282.604008,1
-1.65356446,-0.9753418,-1.89453125,245.87786866,-246.85496521,-248.99237061,1437634282.636176,1
-1.75170899,-1.00512696,1.99902344,-249.34350586,-249.48091126,-233.23664856,1437634282.695006,1
-1.67675782,-1.06982422,-1.97827149,-250.03053284,246.82443238,242.59541321,1437634282.725542,1
-1.69848633,-1.02490235,-1.98120118,-249.23664856,249.81678772,245.3740387,1437634282.784055,1
-1.6928711,-1.04833985,-1.97338868,248.83969117,247.38931275,245.6335907,1437634282.816192,1
-1.68774415,-1.0444336,-1.96386719,247.96946717,249.67938233,-246.04580689,1437634282.874058,1
-1.68994141,-1.03198243,-1.97705079,248.33587647,249.81678772,-244.03053284,1437634282.905917,1
-1.63378907,-1.07080079,-1.97705079,247.23664856,248.42747498,248.56488038,1437634282.964051,1
-1.68457032,-1.04174805,-1.96533204,246.54962159,-247.2671814,244.76335145,1437634282.996237,1
-1.64990235,-1.07641602,-1.94653321,-220.77862549,238.54962159,-230.1374054,1437634283.054026,1
-1.89990235,-0.94970704,-1.91333008,206.93130494,211.81678772,-79.0687027,1437634283.086202,1
-1.73779297,-1.11059571,-1.85229493,-208.65649415,186.18321229,-0.00763359,1437634283.144099,1
-0.57153321,-0.17456055,-1.69506836,230.96183777,148.82443238,-0.00763359,1437634283.175786,1
-1.14892579,-0.86401368,-1.62182618,-221.23664856,93.40457917,-27.80152703,1437634283.234065,1
1.97021485,-0.00006104,-1.71533204,162.39694214,93.55725098,126.39694977,1437634283.265982,1
-1.80151368,1.50097657,-1.06079102,-232.99237061,161.08396912,161.98472596,1437634283.354620,1
-1.76269532,-1.60473633,-1.40454102,230.47328187,-148.25953675,-234.1374054,1437634283.383971,1
-1.43237305,-1.3425293,1.99682618,147.19084168,-169.09924317,16.36641312,1437634283.414084,1
-1.57519532,-1.26269532,1.83007813,43.45038224,-131.66412354,98.68701935,1437634283.446184,1
-0.95581055,-0.24682618,1.8322754,121.12976838,-187.90840149,57.74045945,1437634283.503849,1
-0.71215821,-0.3491211,-1.88354493,149.92366028,-166.15266419,47.09923554,1437634283.535793,1
-0.72998047,-0.91528321,1.37182618,-221.32824708,-196.54962159,122.97709656,1437634283.594165,1
0.95288086,-1.26220704,1.87744141,-218.18321229,231.22137452,-96.47328187,1437634283.806252,1
1.97094727,-0.60131836,1.69628907,-210.45800782,245.45037842,236.73281861,1437634283.864155,1
-1.33300782,-1.43896485,-1.88549805,-235.57252503,-249.7709961,229.19084168,1437634283.895855,1
-1.56079102,-0.92211915,1.98168946,-245.12977601,-244.6412201,-237.49618531,1437634283.954020,1
-1.6538086,-0.92895508,-1.9741211,244.1374054,-245.98472596,235.16030884,1437634283.986208,1
-1.5834961,-1.02319336,-1.97021485,248.91603089,-245.54199219,-244.62596131,1437634284.044182,1
-1.66357422,-0.99316407,-1.98046875,245.25190735,-246.79389954,240.88549805,1437634284.076625,1
-1.65771485,-1.03466797,-1.97216797,246.56488038,246.38168335,-245.78625489,1437634284.134063,1
-1.6682129,-1.04003907,-1.9597168,247.32824708,247.3740387,-241.2671814,1437634284.165916,1
-1.67407227,-1.03295899,-1.9963379,248.12213135,245.61831666,249.89312745,1437634284.224223,1
-1.6694336,-1.06542969,-1.95556641,245.74046326,248.65649415,241.12977601,1437634284.256333,1
-1.67260743,-1.04394532,-1.94750977,243.09924317,247.64884949,-249.93893433,1437634284.314050,1
-1.66528321,-1.03369141,-1.97460938,-219.74046326,-219.03816224,-241.29771424,1437634284.345874,1
-1.67822266,-1.06567383,-1.94628907,226.25953675,237.60305787,-212.71755982,1437634284.404127,1
-1.81298829,-1.09521485,-1.99902344,211.22137452,222.36640931,-139.58778382,1437634284.465610,1
-1.66430665,-1.08251954,-1.9428711,236.96183777,203.46565247,-0.00763359,1437634284.495343,1
-1.45922852,-1.13476563,1.94873047,243.89312745,190.36640931,-0.00763359,1437634284.526785,1
-0.67089844,-0.4765625,-1.6213379,130.25953675,136.71755982,-0.00763359,1437634284.584192,1
-1.94555665,-1.890625,1.66479493,196.21374512,-234.5038147,-156.90075684,1437634284.616358,1
-1.29858399,-1.99536133,-1.43603516,218.80915833,97.25190735,-234.5038147,1437634284.675465,1
-1.90722657,-0.6159668,-0.8178711,-246.96183777,-239.06869507,22.5648861,1437634284.705724,1
-1.85351563,-1.42919922,-1.31347657,-189.6335907,-92.32061005,-233.69465638,1437634284.764112,1
-1.95874024,-1.25048829,-1.85302735,211.92366028,-114.91603089,26.87022973,1437634284.796382,1
-1.55493165,-1.40844727,1.96191407,93.6335907,-155.74046326,66.68701935,1437634284.854284,1
-0.8659668,-0.25488282,-1.78955079,145.46565247,-146.94656373,-232.58015442,1437634284.885911,1
-0.90869141,-0.38085938,-1.74829102,194.61068726,-103.64885712,140.07633973,1437634284.944237,1
-0.00006104,1.55908204,1.15332032,155.35877991,-170.67175293,162.12213135,1437634284.975930,1
-0.06079102,-1.94702149,1.44873047,-178.24427796,-202.65649415,-219.49618531,1437634285.034987,1
0.87011719,-0.00006104,-1.86889649,-249.67938233,194.71755982,-0.00763359,1437634285.066003,1
1.27539063,-0.37182618,-1.91015625,-184.74809266,211.89312745,-87.11450196,1437634285.124065,1
-0.77197266,-1.00097657,-1.765625,-105.35877991,222.01527405,-161.66412354,1437634285.155839,1
-1.39941407,-0.76831055,1.65966797,-127.86259461,-233.67938233,155.08396912,1437634285.214086,1
-1.51879883,-0.68115235,1.82983399,232.93130494,-245.83206177,176.41221619,1437634285.246307,1
-1.34521485,-0.74609375,-1.99853516,234.33587647,-249.83206177,210.22900391,1437634285.303811,1
-1.58129883,-0.74023438,1.98706055,245.64884949,-247.96946717,232.38168335,1437634285.336802,1
-1.97631836,-0.95458985,-1.9765625,246.41221619,-247.35877991,239.89312745,1437634285.393505,1
-1.61303711,-1.01904297,-1.98242188,249.20610047,246.59541321,-247.98472596,1437634285.425827,1
-1.67309571,-1.0065918,-1.97216797,-248.76335145,250.12213135,245.75572205,1437634285.456235,1
-1.64624024,-1.05029297,-1.96533204,-250.04580689,246.09159852,247.66412354,1437634285.519293,1
-1.65869141,-1.93872071,-1.9807129,-249.48091126,244.16793824,-248.94656373,1437634285.546583,1
-1.66796875,-1.04394532,-1.97167969,248.61068726,-219.0076294,249.05343628,1437634285.606438,1
-1.67309571,-1.05395508,-1.96337891,-218.93130494,-249.38931275,243.45037842,1437634285.636343,1
-1.66430665,-1.05590821,-1.97802735,243.6335907,248.1374054,-236.77862549,1437634285.723506,1
-1.66064454,-1.06811524,-1.96411133,234.83969117,240.59541321,-241.35877991,1437634285.727749,1
-1.66967774,-1.06396485,-1.94140625,219.84733582,229.86259461,-216.6412201,1437634285.784133,1
-1.92895508,-0.99121094,-1.93359375,209.48091126,218.59541321,-88.68701935,1437634285.816063,1
-1.99804688,-1.07299805,-1.53857422,-190.35115052,195.11450196,-0.00763359,1437634285.874123,1
-0.80151368,-0.62841797,-1.9440918,-177.66412354,176.77862549,-0.00763359,1437634285.906276,1
-1.13427735,-0.82397461,-1.53173829,-225.34350586,-229.74046326,-0.00763359,1437634285.964224,1
-0.00006104,-0.00006104,-0.38305665,228.22900391,-234.5038147,-234.5038147,1437634285.995914,1
1.43359375,-0.68432618,-1.33105469,30.25954247,-224.35115052,59.2061081,1437634286.053856,1
-1.72827149,-1.43408204,-0.78369141,-248.76335145,-171.55725098,99.00763703,1437634286.086404,1
-1.54736329,-1.07470704,-1.91186524,185.05343628,-74.45801545,10.54961873,1437634286.143901,1
-1.22875977,-1.96289063,1.86157227,101.98473359,-147.4045868,48.70228959,1437634286.177423,1
-1.03417969,-0.19506836,-1.93554688,107.25190735,-129.81678772,42.73282624,1437634286.234248,1
-0.58544922,-0.46972657,1.99145508,101.28244019,-121.95420075,38.41221238,1437634286.266268,1
-1.19458008,-0.80566407,-1.30859375,-223.28244019,-120.41221619,100.25954438,1437634286.325036,1
-0.0053711,-1.75952149,0.90820313,187.5114441,-198.97709656,-221.2671814,1437634286.358306,1
-0.62890625,-1.92871094,1.48925782,-242.2748108,-246.70228577,-188.99237061,1437634286.414155,1
1.90942383,-0.00006104,-1.85742188,-131.84733582,244.01527405,-13.09923649,1437634286.447019,1
-1.66064454,-0.00006104,1.55908204,-176.25953675,207.90840149,-61.69465638,1437634286.505357,1
-0.44091797,-0.00006104,-1.58251954,-211.61831666,241.3740387,-220.94656373,1437634286.536189,1
-0.68261719,-0.34179688,-1.8244629,-246.33587647,248.45800782,190.03053284,1437634286.594212,1
-1.38452149,-0.30273438,1.40942383,243.02290345,-243.74046326,227.98472596,1437634286.626695,1
-1.6057129,-0.52929688,-1.87988282,226.88549805,245.74046326,217.29771424,1437634286.684264,1
-1.57617188,-0.92016602,-1.91308594,-246.97709656,-250.07633973,234.09159852,1437634286.716312,1
-1.68359375,-0.98999024,1.99023438,-250.03053284,249.98472596,-219.06869507,1437634286.773866,1
-1.63549805,-1.04492188,-1.98608399,-219.03816224,-246.47328187,249.6335907,1437634286.834313,1
-1.6628418,-1.01245118,-1.99267579,249.20610047,-249.57252503,244.07633973,1437634286.864260,1
-1.66015625,-1.03686524,-1.99316407,-249.03816224,248.53434754,246.35115052,1437634286.896538,1
-1.67089844,-1.03588868,-1.9885254,-248.19847107,247.57252503,-243.11450196,1437634286.954186,1
-1.66967774,-1.04003907,-1.97924805,244.61068726,250,-240.24427796,1437634286.986139,1
-1.65649415,-1.04150391,-1.98535157,246.93130494,243.41984559,246.53434754,1437634287.046287,1
-1.6940918,-1.04296875,-1.96728516,241.12977601,245.06869507,247.19084168,1437634287.076210,1
-1.7097168,-1.09228516,-1.94189454,224.41221619,238.10687256,-222.47328187,1437634287.133935,1
-1.98144532,-1.06298829,-1.91113282,196.22900391,210.44274903,-132.56488038,1437634287.166845,1
-1.73559571,-0.65478516,-1.76391602,-212.24427796,171.05343628,-0.00763359,1437634287.224232,1
-0.95605469,-0.26245118,-1.62890625,-145.61831666,153.87786866,-0.00763359,1437634287.256414,1
-1.11254883,-0.76025391,-1.68579102,214.74809266,75.67938996,-0.00763359,1437634287.314758,1
-0.00006104,-1.70898438,1.70239258,-221.41984559,90.68701935,23.38931275,1437634287.345792,1
1.41625977,-1.23730469,-1.16601563,188.54962159,152.82443238,108.87023163,1437634287.404322,1
-1.96386719,-1.23876954,-1.31713868,243.11450196,-190.18321229,69.34351349,1437634287.436340,1
-1.78686524,-1.3569336,-1.91381836,132.85496521,-163.72518921,29.81679345,1437634287.493959,1
-1.61791993,-1.27294922,1.97045899,55.16030503,-139.20610047,97.96946717,1437634287.527307,1
-1.10717774,-0.20556641,-1.9897461,88.47328187,-138.29006959,51.34350968,1437634287.584129,1
-0.8947754,-0.25634766,1.68286133,85.22137452,-139.46565247,17.38931275,1437634287.616436,1
-1.96044922,-1.33056641,0.86254883,94.54962159,-180.67175293,122.74809266,1437634287.674426,1
-0.69213868,-1.04907227,1.12011719,235.02290345,-212.35115052,203.75572205,1437634287.706230,1
-0.62646485,-1.7854004,1.26660157,-114.67175293,230.54962159,-173.93893433,1437634287.764165,1
1.89892579,-1.72045899,1.5588379,-115.6335907,216.65649415,-64.99236298,1437634287.796353,1
-0.45532227,-0.00006104,-1.27978516,-141.48091126,226.65649415,197.20610047,1437634287.854445,1
-0.80175782,-0.1369629,-1.85595704,-234.77862549,245.28244019,209.45037842,1437634287.886338,1
-1.87524415,-0.5209961,1.34936524,-250.03053284,-245.35877991,243.90840149,1437634287.944349,1
-1.49902344,-1.06958008,1.98657227,232.42747498,-249.87786866,241.22137452,1437634287.976384,1
-1.66528321,-0.89624024,-1.90991211,-249.93893433,244.58015442,-245.17556763,1437634288.034171,1
-1.67285157,-1.01342774,-1.97875977,247.06869507,-243.08396912,246.99237061,1437634288.066306,1
-1.66015625,-1.0600586,-1.96679688,-219.0076294,-246.30534363,-242.94656373,1437634288.123896,1
-1.67651368,-1.03466797,-1.97485352,246.70228577,246.80915833,-245.98472596,1437634288.157434,1
-1.67797852,-1.04345704,-1.97338868,-218.93130494,246.65649415,-249.35877991,1437634288.214153,1
-1.66967774,-1.05322266,-1.97192383,245.34350586,249.03816224,-245.5114441,1437634288.246351,1
-1.66674805,-1.04956055,-1.9650879,-249.58778382,243.89312745,246.36640931,1437634288.304669,1
-1.67211915,-1.05810547,-1.97021485,247.92366028,248.47328187,-249.89312745,1437634288.336979,1
-1.66796875,-1.05371094,-1.95336915,245.03816224,246.61068726,-250.12213135,1437634288.394332,1
-1.67504883,-1.05688477,-1.95776368,238.22900391,242.61068726,-227.32824708,1437634288.426128,1
-1.65527344,-1.06689454,-1.95751954,223.17556763,236.71755982,-214.53434754,1437634288.484410,1
-1.80322266,-1.18334961,-1.92871094,228.30534363,222.91603089,-112.90076447,1437634288.516099,1
1.97802735,-1.29296875,-1.98754883,-230.32061768,206.16793824,-0.00763359,1437634288.574174,1
-1.35986329,-0.9909668,-1.78735352,-243.19084168,180.58015442,-0.00763359,1437634288.606418,1
-0.67529297,-0.46923829,-1.79956055,232.07633973,145.09924317,-0.00763359,1437634288.666020,1
-1.73144532,-0.00006104,1.8256836,-235.32824708,-234.5038147,-168.22900391,1437634288.696372,1
-1.64306641,-1.64282227,-1.89916993,-230.94656373,130.22900391,0.64122135,1437634288.754172,1
-1.7578125,-1.16137696,-0.66357422,-225.43511963,-238.06106568,17.48091698,1437634288.786376,1
-1.70483399,-1.60449219,-1.33007813,-228.47328187,-63.25190735,-233.89312745,1437634288.844528,1
-1.4428711,-1.97045899,-1.72631836,177.31297303,-38.58015442,35.29771042,1437634288.876448,1
-0.7578125,-1.21386719,-1.65209961,113.93893433,-55.05343628,100.5038147,1437634288.934185,1
-0.41455079,-0.57519532,-1.63134766,195.87786866,-241.34350586,66.04579926,1437634288.965933,1
-0.67651368,-0.99047852,1.81152344,141.09924317,-140.06106568,130.70228577,1437634289.024298,1
-0.59570313,-1.57104493,1.60253907,213.49618531,-177.6335907,209.86259461,1437634289.056353,1
-0.37524415,-1.32299805,1.55273438,-129.58778382,-224.94656373,217.46565247,1437634289.114991,1
-1.05273438,1.53271485,1.06445313,-103.66412354,-217.69465638,-212.53434754,1437634289.146736,1
-0.30908204,-0.00006104,1.21972657,-0.00763359,148.96183777,-0.00763359,1437634289.204201,1
1.5378418,-1.90893555,-1.9116211,-216.53434754,225.67938233,-115.89312745,1437634289.236343,1
1.85864258,-1.9272461,-1.82836915,-245.96946717,250.12213135,-177.4045868,1437634289.294097,1
1.97631836,-1.63330079,-1.99340821,-249.84733582,-249.69465638,-179.80152894,1437634289.326342,1
-1.89624024,-1.25903321,-1.94677735,247.1450348,245.83206177,-217.06869507,1437634289.384243,1
-1.80590821,-1.95092774,-1.91479493,246.54962159,248.51908875,-228,1437634289.416411,1
-1.74291993,-1.11987305,-1.95898438,250.06106568,-248.39694214,-249.02290345,1437634289.475804,1
-1.71582032,-1.07592774,-1.95336915,247.74046326,-246,-240.80915833,1437634289.506148,1
-1.66918946,-1.04516602,-1.95532227,245.96946717,249.05343628,248.80915833,1437634289.564201,1
-1.68237305,-1.04492188,-1.9572754,246.47328187,249.23664856,249.6335907,1437634289.595730,1
-1.67211915,-1.03955079,-1.96313477,244.93130494,249.69465638,-249.89312745,1437634289.655759,1
-1.67626954,-1.05517579,-1.95654297,249.02290345,-240.67175293,249.17556763,1437634289.686411,1
-1.65087891,-1.07128907,-1.96289063,245.89312745,244.53434754,244.58015442,1437634289.744282,1
-1.64526368,-1.94189454,-1.94335938,242.09159852,245.03816224,-244.56488038,1437634289.776447,1
-1.6796875,-1.93896485,-1.94482422,226.870224,243.98472596,-219.81678772,1437634289.834376,1
-1.78930665,-1.06054688,-1.92993165,222.90075684,219.03816224,-146.21374512,1437634289.866490,1
-1.8100586,-1.09472657,-1.84667969,249.6335907,197.92366028,-0.00763359,1437634289.924194,1
-1.57934571,-1.02124024,-1.99438477,-225.3740387,157.89312745,-0.00763359,1437634290.015356,1
-0.41357422,-0.00006104,-1.89794922,-243.35877991,122.36640931,-0.00763359,1437634290.044718,1
1.63891602,-0.85791016,-1.48510743,-58.48854828,-234.5038147,-176.19847107,1437634290.074891,1
-1.24902344,-1.27416993,-1.17016602,136.10687256,171.92366028,78.45801545,1437634290.104086,1
1.91064454,-1.33178711,-0.95410157,-195.86259461,-195.0076294,-234.5038147,1437634290.136981,1
-1.76635743,-1.4609375,-1.67260743,239.70993042,-104.15267182,-234.5038147,1437634290.194352,1
-1.34448243,-1.28759766,-1.98706055,150.93130494,-79.03816987,-232.29006959,1437634290.226009,1
-1.04833985,-0.80200196,1.95532227,96.58015442,-120.21373749,28.19847298,1437634290.283993,1
-0.62524415,-0.57153321,-1.97338868,117.52671814,-160.85496521,49.00763321,1437634290.317497,1
-0.61499024,-1.1225586,-1.76953125,107.41984559,-238.56488038,45.9236641,1437634290.374321,1
-0.77392579,-1.36914063,1.58886719,177.60305787,-247.03816224,166.59541321,1437634290.406326,1
-0.44482422,-1.64306641,1.8203125,-139.52671814,-227.48091126,-242.41221619,1437634290.464856,1
1.84838868,-1.32397461,-1.75268555,-42.30534363,-186.85496521,238.67175293,1437634290.499525,1
-0.65478516,-0.72778321,0.34082032,206.6412201,213.6335907,-130.54962159,1437634290.554195,1
-0.00006104,-0.00006104,-0.34741211,-163.75572205,210.65649415,76.09160615,1437634290.586623,1
-0.51953125,-0.43579102,-1.77124024,246.70228577,248.44274903,247.1450348,1437634290.644500,1
-1.94873047,-1.76806641,-1.73828125,-185.90840149,-250.01527405,-240.96183777,1437634290.677153,1
-1.86010743,-1.35791016,-1.99169922,-234.99237061,-247.29771424,-246.91603089,1437634290.734266,1
-1.63916016,-1.28393555,-1.97094727,-244.6412201,-250.09159852,-241.45037842,1437634290.797989,1
-1.73632813,-1.05322266,-1.97851563,-249.32824708,247.17556763,-244.42747498,1437634290.826141,1
-1.67993165,-1.09545899,-1.94897461,249.38931275,245.22137452,246.48855591,1437634290.856504,1
-1.68017579,-1.06372071,-1.97119141,-247.83206177,-249.41984559,-249.86259461,1437634290.914358,1
-1.67456055,-1.06713868,-1.96704102,246.83969117,-250.10687256,-241.89312745,1437634290.945861,1
-1.67456055,-1.05419922,-1.96997071,248.61068726,-248.45800782,249.84733582,1437634291.004302,1
-1.67016602,-1.05273438,-1.96923829,247.84733582,249.81678772,-246.03053284,1437634291.036457,1
-1.67504883,-1.0600586,-1.97070313,247.72518921,-249.45037842,-240.77862549,1437634291.094362,1
-1.6484375,-1.06445313,-1.96972657,246.45800782,249.03816224,-245.17556763,1437634291.129453,1
-1.65893555,-1.03271485,-1.98022461,241.48091126,242.71755982,-235.81678772,1437634291.184395,1
-1.68359375,-1.06274415,-1.95629883,219.49618531,235.75572205,-204.82443238,1437634291.216480,1
-1.77563477,-1.1081543,-1.90161133,217.57252503,221.03816224,-107.12976838,1437634291.273972,1
1.87695313,-0.9609375,-1.78686524,225.06869507,214.33587647,-0.00763359,1437634291.308181,1
-1.31542969,-0.99804688,-1.90185547,-233.96946717,190.93130494,-0.00763359,1437634291.364251,1
-1.07080079,-1.22045899,-1.65869141,221.0076294,138.96183777,-0.00763359,1437634291.396384,1
-1.85839844,-0.00006104,1.78564454,-239.41984559,-234.5038147,-128.29006959,1437634291.454419,1
-1.21313477,-1.38671875,-1.68139649,126.88549805,96.39694977,-234.5038147,1437634291.515663,1
-1.55517579,-1.2932129,-1.94360352,216.62596131,194.24427796,-234.5038147,1437634291.544311,1
-1.59960938,-1.39697266,-1.5600586,204.90075684,-240.21374512,-234.5038147,1437634291.603725,1
-1.32543946,-1.32983399,1.9116211,188.90075684,-132.21374512,-234.5038147,1437634291.634933,1
-1.30786133,-1.37158204,1.99462891,-231.17556763,-119.95420075,76.59542084,1437634291.666117,1
-0.3815918,-0.12548829,-1.70678711,-224.22900391,-240.77862549,1.06870235,1437634291.696502,1
-1.34814454,-0.83959961,1.8791504,227.57252503,-144.65649415,135.89312745,1437634291.756691,1
-0.00006104,-1.80810547,0.75927735,116.7022934,-189.84733582,179.32824708,1437634291.787118,1
-0.19775391,-1.87573243,1.53710938,-122.32061005,-208.12213135,-162.96183777,1437634291.845783,1
0.47900391,-1.77368165,0.57666016,-220.53434754,225.66412354,-0.00763359,1437634291.876634,1
1.85913086,-0.74731446,-1.64160157,-149.72518921,-222.44274903,-0.00763359,1437634291.934123,1
-1.86645508,-1.95141602,1.71069336,-246.1374054,235.16030884,-76.04579926,1437634291.967370,1
1.87231446,1.15966797,-1.49511719,150.99237061,243.4045868,-155.89312745,1437634292.024288,1
1.94921875,-1.99536133,1.9428711,221.3740387,243.0076294,-159.32824708,1437634292.056454,1
1.86035157,-1.14672852,-1.91552735,243.22137452,-219.09924317,-192.97709656,1437634292.115905,1
-1.78881836,-1.32641602,-1.99487305,247.11450196,247.17556763,-248.15266419,1437634292.145973,1
-1.83251954,-1.13256836,-1.95141602,249.93893433,-247.45037842,-232.38168335,1437634292.204395,1
-1.74023438,-1.14306641,-1.96044922,249.34350586,-245.09924317,-235.06869507,1437634292.236357,1
-1.74121094,-1.09399415,-1.97509766,249.61831666,241.70993042,-241.02290345,1437634292.294304,1
-1.70776368,-1.08666993,-1.98291016,248.15266419,246.53434754,-247.46565247,1437634292.325979,1
-1.69238282,-1.05810547,-1.97094727,-248.70228577,248.67175293,-245.52671814,1437634292.384354,1
-1.69238282,-1.0456543,-1.97827149,248.36640931,246.59541321,-236.74809266,1437634292.416812,1
-1.58911133,-1.0822754,-1.96215821,246.10687256,249.11450196,-244.74809266,1437634292.475207,1
-1.69970704,-0.97900391,-1.96777344,222.2748108,237.38931275,-234.62596131,1437634292.506487,1
-1.69921875,-1.07226563,-1.87939454,185.6335907,205.31297303,-142.870224,1437634292.594183,1
-1.98144532,-0.3190918,-1.55395508,-201.0076294,176.83969117,-0.00763359,1437634292.624174,1
-0.92285157,-0.45141602,-1.8046875,-146.2748108,131.90840149,-0.00763359,1437634292.654372,1
-1.23925782,-1.93994141,-1.81054688,-219.86259461,67.87786103,-0.00763359,1437634292.686427,1
-0.61206055,-0.13330079,-0.00122071,69.08396912,44.8549614,-234.5038147,1437634292.744285,1
1.71655274,-0.8984375,-0.93823243,121.0687027,133.95419312,80.94656373,1437634292.776991,1
-1.63232422,-1.79833985,-1.24487305,203.43511963,-172.76335145,41.95419693,1437634292.834286,1
-1.8359375,-1.39453125,-1.71337891,134.97709656,-90.18320466,14.47328282,1437634292.866556,1
-1.47729493,-1.14941407,1.94604493,73.69465638,-80.59542084,97.52671814,1437634292.924018,1
-0.94311524,-0.00006104,1.74682618,103.28244019,-138.96183777,21.29771042,1437634292.957571,1
-0.74243165,-0.52563477,1.9453125,-201.02290345,-201.4045868,93.29770661,1437634293.014381,1
-1.77246094,-0.00006104,-1.88769532,188.71755982,-169.89312745,132.58015442,1437634293.046636,1
-1.89697266,-1.95288086,0.90576172,243.41984559,-166.5038147,-221.55725098,1437634293.105298,1
-0.79003907,-1.99731446,1.18554688,-176.99237061,-221.96946717,-184.870224,1437634293.136549,1
0.82275391,-1.45654297,1.83911133,247.20610047,242.91603089,-0.00763359,1437634293.194520,1
-1.53491211,-0.17626954,1.69067383,-11.98473263,-237.38931275,-139.35877991,1437634293.227046,1
0.93603516,1.62597657,-1.97753907,210.51908875,241.45037842,123.83206177,1437634293.284327,1
1.52539063,0.16870118,-1.54003907,-213.74046326,-245.6335907,-179.25190735,1437634293.316058,1
1.45483399,1.98022461,1.95629883,-247.58778382,-245.12977601,-196.73281861,1437634293.375068,1
-1.76098633,-1.54492188,-1.94970704,-219.2671814,-247.55725098,-199.55725098,1437634293.404637,1
-1.82836915,-1.31298829,-1.91552735,-247.89312745,-248.32061768,-210.19847107,1437634293.464663,1
-1.79052735,-1.10473633,-1.98486329,243.23664856,-247.58778382,-234.12213135,1437634293.494475,1
-1.72119141,-1.09155274,-1.95776368,250.10687256,249.31297303,-229.66412354,1437634293.554686,1
-1.69238282,-1.05664063,-1.97485352,247.87786866,-247.70993042,-241.23664856,1437634293.584069,1
-1.69458008,-1.0390625,-1.97460938,-218.96183777,-249.80152894,-247.67938233,1437634293.644092,1
-1.72900391,-0.99536133,-1.82666016,245.95419312,-247.57252503,-245.90840149,1437634293.674403,1
-1.67431641,-1.0859375,-1.95361329,248.73281861,249.90840149,-247.72518921,1437634293.706609,1
-1.67382813,-1.05688477,-1.97314454,-249.81678772,-249.49618531,248.59541321,1437634293.764184,1
-1.66113282,-1.0546875,-1.98046875,241.54199219,-218.94656373,-235.60305787,1437634293.795939,1
-1.67309571,-1.05419922,-1.99804688,227.49618531,-219.09924317,-232.91603089,1437634293.884832,1
-1.66992188,-1.05029297,-1.95922852,211.55725098,224.85496521,-195.19084168,1437634293.914117,1
-1.76245118,-1.17333985,-1.90820313,202.85496521,209.43511963,-239.03816224,1437634293.946319,1
-1.72705079,-1.95410157,-1.92700196,-246.61068726,210.39694214,-0.00763359,1437634293.976353,1
-0.90307618,-0.5234375,-1.7932129,-222.41221619,206.68702698,-0.00763359,1437634294.034309,1
-1.21069336,-0.80859375,-1.38208008,93.51145173,140.56488038,-0.00763359,1437634294.066619,1
1.45092774,-0.85131836,-1.34863282,216.25953675,-234.5038147,61.87786103,1437634294.124841,1
-1.94580079,-1.0119629,-1.40478516,192.62596131,144.97709656,28.4274807,1437634294.155809,1
-1.59838868,-1.11767579,-0.8725586,-165.70993042,-207.98472596,-234.5038147,1437634294.214748,1
-1.70825196,-1.73608399,-1.67211915,-235.57252503,-130.6412201,-234.5038147,1437634294.244147,1
-1.31616211,-1.32836915,-1.81518555,193.03816224,-144.74809266,-234.5038147,1437634294.304522,1
-1.25122071,-1.55639649,-1.76245118,78.90076447,-118.99236298,76.54962159,1437634294.334485,1
-0.6628418,-0.1953125,-1.52539063,165.06869507,-124.21373749,36.29007721,1437634294.394657,1
-0.13574219,-0.42675782,-0.95629883,154.04580689,-163.78625489,-233.2671814,1437634294.425441,1
-0.00006104,1.56811524,1.25146485,174.29006959,-180.83969117,240.74809266,1437634294.484724,1
-0.00006104,-1.95434571,1.57983399,-134.91603089,-237.3740387,-228.48855591,1437634294.514341,1
1.25976563,-1.95483399,1.97045899,169.54199219,-236.30534363,-0.00763359,1437634294.574193,1
-1.24267579,-0.29711915,1.85400391,-151.92366028,229.64884949,-0.00763359,1437634294.605602,1
1.73876954,-1.97631836,-1.7150879,-185.87786866,-245.22137452,229.81678772,1437634294.664912,1
1.76489258,-0.84985352,1.7956543,242.94656373,245.16030884,-197.25190735,1437634294.694490,1
-1.39697266,-0.87744141,-1.95947266,248.97709656,245.25190735,-199.78625489,1437634294.754658,1
-1.35449219,-0.86523438,-1.9609375,238.58015442,-218.99237061,-208.24427796,1437634294.784587,1
-1.55493165,-0.79711915,1.94604493,244.21374512,-248.85496521,-249.64884949,1437634294.844758,1
-1.58813477,-0.91455079,-1.97509766,-248.88549805,-248.870224,-235.7709961,1437634294.874871,1
-1.64550782,-1.03295899,-1.94604493,246.96183777,-218.91603089,-242.71755982,1437634294.904123,1
-1.71289063,-1.03930665,-1.97485352,-249.89312745,-246.25953675,249.5114441,1437634294.964738,1
-1.70434571,-1.07495118,-1.95629883,249.57252503,-248.32061768,243.0076294,1437634294.994375,1
-1.69067383,-1.06811524,-1.95996094,249.98472596,244.82443238,-239.83206177,1437634295.055003,1
-1.69555665,-1.06079102,-1.9506836,248.88549805,-246.48855591,247.0076294,1437634295.084818,1
-1.66381836,-1.06518555,-1.9675293,247.83206177,245.54199219,250.01527405,1437634295.174557,1
-1.68286133,-1.06494141,-1.96557618,250.06106568,240.99237061,-243.28244019,1437634295.204164,1
-1.97900391,-1.07910157,-1.95629883,230.1374054,244.09159852,-225.54199219,1437634295.234449,1
-1.6928711,-1.0666504,-1.93579102,202.82443238,221.38931275,-195.6335907,1437634295.264271,1
-1.98559571,-1.02172852,-1.86254883,227.17556763,-221.38931275,-40.50381852,1437634295.324796,1
-1.96069336,-1.22436524,-1.92407227,-222.6412201,176.67175293,-0.00763359,1437634295.354462,1
-1.10644532,-0.82373047,-1.91528321,-213.25190735,152.18321229,-0.00763359,1437634295.414937,1
-1.30664063,-1.95288086,-1.63671875,201.55725098,124.51908112,-8.97709942,1437634295.444944,1
-1.44628907,-0.00006104,-0.00006104,107.69465638,177.23664856,66.76335907,1437634295.505500,1
1.9116211,-0.95776368,-0.9921875,-199.46565247,223.67938233,61.55725098,1437634295.564474,1
-1.69042969,-1.5612793,-1.25317383,-231.64884949,-134.47328187,-234.5038147,1437634295.594398,1
-1.56689454,-1.32080079,-1.7631836,241.16030884,-186.59541321,-234.5038147,1437634295.626848,1
-1.59082032,-1.59838868,1.92382813,-226.25953675,-128.67175293,-230.61068726,1437634295.654375,1
-0.87329102,-0.55249024,-1.62353516,163.28244019,-121.66412354,47.34350968,1437634295.714797,1
-0.44555665,-0.67382813,1.85253907,-225.7709961,-178.15266419,43.77099228,1437634295.745326,1
-0.78198243,-0.73095704,1.81640625,210.54962159,-196.1374054,143.05343628,1437634295.804927,1
-0.26831055,-1.97558594,1.52490235,185.55725098,-230.96183777,180.70228577,1437634295.836522,1
-0.58984375,-1.97314454,1.34033204,-179.5114441,229.95419312,-225.7709961,1437634295.894663,1
-0.91601563,-1.6772461,-1.77685547,-119.52671814,217.25190735,-249.28244019,1437634295.926738,1
-1.875,-1.92773438,1.29541016,-219.22137452,220.39694214,-37.75572587,1437634295.984454,1
-1.04956055,-0.05029297,-1.76855469,-83.55725098,-226.91603089,-103.22137452,1437634296.014556,1
-1.22363282,-1.02368165,-1.39379883,223.60305787,246.39694214,203.70993042,1437634296.075091,1
-1.83374024,-1.92749024,-1.70825196,219.83206177,-248.91603089,231.78625489,1437634296.104707,1
-1.86254883,-1.46069336,1.88354493,228.77862549,-249.95419312,223.74046326,1437634296.164493,1
-1.99291993,-1.02319336,-1.9140625,-247.32824708,248.62596131,-249.35877991,1437634296.194383,1
-1.74731446,-1.94775391,-1.95361329,244.73281861,245.92366028,-246.94656373,1437634296.254865,1
-1.74560547,-1.10083008,-1.98095704,250.10687256,-246.38168335,245.09924317,1437634296.285584,1
-1.70117188,-1.09497071,-1.95703125,-248.61068726,245.34350586,239.87786866,1437634296.314520,1
-1.71118165,-1.07250977,-1.99731446,248.82443238,250.12213135,-249.41984559,1437634296.375145,1
-1.69335938,-1.08300782,-1.9650879,249.38931275,-245.58778382,-242.61068726,1437634296.405009,1
-1.67553711,-1.05249024,-1.97607422,249.29771424,248.62596131,-243.22137452,1437634296.464887,1
-1.68579102,-1.94140625,-1.94970704,248.90075684,-249.83206177,-249.02290345,1437634296.494412,1
-1.66186524,-1.04467774,-1.97998047,-248.32061768,248.65649415,-245.34350586,1437634296.554762,1
-1.72583008,-1.93994141,-1.9729004,235.70993042,239.23664856,-238.04580689,1437634296.584479,1
-1.70043946,-1.11328125,-1.94970704,-221.22137452,237.78625489,-248.07633973,1437634296.645389,1
-1.72192383,-1.0612793,-1.99609375,-221.6335907,213.89312745,-89.48091889,1437634296.674434,1
-1.81933594,-1.92504883,-1.9975586,249.06869507,203.46565247,-0.00763359,1437634296.734411,1
-1.55932618,-0.96337891,-1.79931641,-249.48091126,178.41221619,-0.00763359,1437634296.764525,1
-0.35351563,-0.00006104,-1.69750977,160.03053284,146.18321229,-0.00763359,1437634296.824841,1
-1.03686524,-0.2463379,1.97802735,-162.21374512,-234.5038147,-213.22137452,1437634296.854476,1
1.90307618,-0.00006104,-1.57226563,214.88549805,160.5038147,73.55725098,1437634296.914253,1
1.90283204,1.97192383,-1.07714844,-152.88549805,-219.54199219,-234.1374054,1437634296.945205,1
-1.78149415,-1.41674805,-1.29589844,-205.80152894,-118.21373749,-234.5038147,1437634296.974571,1
-1.5991211,-1.59692383,-1.94335938,196.42747498,-147.46565247,-233.75572205,1437634297.034513,1
-1.25439454,-1.11328125,-1.72924805,105.02290345,-122.67175293,51.17557145,1437634297.064211,1
-0.75854493,-0.35791016,-1.55737305,176.51908875,-74.97709656,69.72518921,1437634297.124519,1
-0.38525391,-0.81372071,1.81420899,-231.48091126,-145.92366028,241.12977601,1437634297.154515,1
-0.00006104,-0.36914063,1.71337891,185.90840149,-212.76335145,116.94656373,1437634297.214919,1
-1.88745118,1.89306641,1.20117188,-218.18321229,-245.22137452,247.61831666,1437634297.244746,1
-0.65527344,-1.93188477,-1.70825196,243.4045868,220.80915833,-0.00763359,1437634297.305284,1
-0.00006104,-0.00006104,1.2397461,-27.57251931,221.49618531,-137.49618531,1437634297.334484,1
0.68945313,-0.93798829,-1.77685547,-202.79389954,235.12977601,223.55725098,1437634297.395313,1
-1.98559571,-1.95019532,1.85131836,246.94656373,-245.64884949,241.11450196,1437634297.425727,1
-1.66992188,-1.90649415,1.87182618,246.06106568,243.38931275,-215.66412354,1437634297.484726,1
-1.5991211,-0.94116211,-1.97778321,245.72518921,-248.24427796,-229.84733582,1437634297.514491,1
-1.97485352,-1.00463868,-1.97314454,246.77862549,247.12977601,-243.12977601,1437634297.575281,1
-1.65966797,-1.00976563,-1.97143555,248.870224,-248.73281861,-237.5114441,1437634297.605945,1
-1.64550782,-1.05273438,-1.97119141,246.65649415,243.17556763,-249.83206177,1437634297.634544,1
-1.6784668,-1.05078125,-1.98022461,-249.25190735,249.3740387,-249.58778382,1437634297.694675,1
-1.97949219,-1.06152344,-1.97167969,246.38168335,-248.21374512,-249.46565247,1437634297.724864,1
-1.64257813,-1.05712891,-1.97192383,-248.70228577,247.58778382,-246.74809266,1437634297.784412,1
-1.60791016,-1.07226563,-1.97265625,246.5038147,-248.90075684,248.51908875,1437634297.814553,1
-1.63867188,-1.0300293,-1.96997071,242.2748108,242.79389954,-248.03053284,1437634297.905086,1
-1.65063477,-1.06103516,-1.95214844,223.78625489,235.80152894,-218.94656373,1437634297.934699,1
-1.97729493,-1.07495118,-1.95117188,206.5038147,228.04580689,-196.38168335,1437634297.964624,1
1.93261719,-0.63085938,-1.94726563,-212.74809266,206.07633973,-19.86259461,1437634297.994503,1
-1.73168946,-0.90014649,-1.82055665,-182.09159852,164.96183777,-0.00763359,1437634298.054741,1
-1.01660157,-0.35327149,-1.82104493,-191.06869507,133.6335907,-0.00763359,1437634298.084654,1
-1.19677735,-1.11425782,-1.86547852,-234.18321229,-231.28244019,-87.00763703,1437634298.144616,1
-0.6850586,-0.33056641,-1.08154297,93.16030884,172.5038147,67.7709961,1437634298.174543,1
1.41381836,-1.27075196,-0.97509766,-215.38931275,-220.62596131,118.97709656,1437634298.237626,1
-1.67578125,-1.45898438,-1.33203125,222.42747498,-173.52671814,-234.5038147,1437634298.265321,1
-1.73144532,-1.5288086,1.99902344,109.32824708,-171.20610047,75.67938996,1437634298.325853,1
-1.62036133,-1.14746094,-1.85009766,100.41221619,-90.67175293,84.74809266,1437634298.354834,1
-0.86450196,-1.90039063,-1.99145508,74,-110.62595368,72.58015442,1437634298.416468,1
-0.68823243,-0.45434571,-1.83032227,143.84733582,-73.29770661,84.33587647,1437634298.444794,1
-1.82104493,-0.12963868,1.92382813,234.45800782,-105.00763703,161.57252503,1437634298.504831,1
-0.23999024,-1.69580079,1.7229004,215.72518921,-123.93893433,212.16793824,1437634298.534804,1
-0.32617188,-1.64184571,-1.76635743,-155.22137452,-143.17556763,-169.6335907,1437634298.595155,1
-0.83691407,-1.49121094,1.65014649,-129.43511963,-240.16793824,-194.22900391,1437634298.624395,1
0.88305665,-1.07006836,-1.875,-213.46565247,230.32061768,-47.08396912,1437634298.654577,1
-1.91601563,-0.50708008,-0.95678711,-185.75572205,229.74046326,-241.57252503,1437634298.715040,1
-0.87719727,-0.42358399,-1.93994141,-186,247.57252503,-172.80915833,1437634298.744685,1
-1.45141602,-0.69335938,1.99194336,-249.32824708,250.12213135,-240.99237061,1437634298.804668,1
-1.70654297,-1.06616211,1.97753907,-244.09159852,-247.69465638,-247.02290345,1437634298.834547,1
-1.54785157,-1.67431641,-1.53759766,-243.03816224,245.34350586,-249.32824708,1437634298.895593,1
-1.64794922,-1.13574219,-1.99438477,247.25190735,245.98472596,247.06869507,1437634298.925341,1
-1.69775391,-1.03881836,-1.98803711,248.99237061,244.39694214,249.1450348,1437634298.984935,1
-1.65185547,-1.08837891,-1.97705079,248.61068726,247.61831666,240.79389954,1437634299.014569,1
-1.68334961,-1.05297852,-1.97314454,245.41984559,-241.41984559,-219.1450348,1437634299.074589,1
-1.66601563,-1.0612793,-1.97216797,-247.43511963,247.98472596,244.10687256,1437634299.104433,1
-1.66503907,-1.05517579,-1.96386719,-248.61068726,244.56488038,-246.25953675,1437634299.194954,1
-1.66674805,-1.05590821,-1.97753907,-247.93893433,247.89312745,-243.49618531,1437634299.225163,1
-1.67309571,-1.05737305,-1.9975586,-247.19084168,-249.35877991,249.31297303,1437634299.256643,1
-1.66113282,-1.05786133,-1.98168946,245.72518921,247.3740387,-245.64884949,1437634299.285922,1
-1.6394043,-1.06396485,-1.95117188,250.06106568,247.48091126,248.32061768,1437634299.315399,1
-1.64624024,-1.10327149,-1.95532227,242.73281861,249.32824708,240.82443238,1437634299.374672,1
-1.65673829,-1.03613282,-1.99658204,219.12977601,229.92366028,-225.58778382,1437634299.404631,1
-1.70874024,-1.07519532,-1.97485352,203.52671814,223.38931275,-175.35877991,1437634299.464965,1
-1.99365235,-0.99487305,-1.90771485,-228.12213135,213.45037842,-61.77099228,1437634299.494551,1
-1.97753907,-1.15966797,-1.87231446,-236.88549805,-222.76335145,-0.00763359,1437634299.555134,1
-1.32934571,-0.85717774,-1.91186524,208.96183777,154.58015442,-2.18320609,1437634299.584837,1
-1.94433594,-0.63720704,-1.69604493,196.44274903,105.96946717,-111.51145173,1437634299.644670,1
1.61328125,-0.38916016,-1.33813477,-221.58778382,123.6335907,-234.5038147,1437634299.674525,1
1.99487305,1.38330079,-1.4975586,229.2671814,238.21374512,43.96946717,1437634299.735571,1
1.76416016,-1.48168946,-1.18530274,-218.68702698,-176.47328187,17.14503861,1437634299.764749,1
-1.88183594,-1.69262696,-1.57836915,205.81678772,-90.16793824,102.87023163,1437634299.824592,1
-1.40673829,-1.17285157,-1.15844727,220.73281861,-0.00763359,104.6412201,1437634299.854966,1
-0.8088379,-0.61206055,-1.23486329,-226.12213135,-0.00763359,128.36640931,1437634299.914397,1
-0.60278321,-0.91674805,-1.66479493,145.57252503,-21.81679345,-219.74046326,1437634299.944949,1
-0.00006104,-0.42651368,-1.10058594,-224.65649415,-244.90075684,233.06869507,1437634299.974841,1
-0.85375977,-1.49316407,1.68676758,-228.88549805,-205.20610047,222.48855591,1437634300.034684,1
-0.76391602,-0.9116211,-1.67285157,184.90075684,-227.49618531,184.74809266,1437634300.064760,1
-1.25341797,-1.42700196,-1.9038086,221.12977601,-183.72518921,-234.30534363,1437634300.124943,1
-1.33715821,-1.49560547,-1.76635743,237.96946717,-119.5725174,-198.21374512,1437634300.154618,1
-1.70385743,-1.18286133,-1.77368165,-100.22900391,-165.1450348,-161.61831666,1437634300.215961,1
-1.27075196,-1.47167969,-1.73242188,-19.26717568,-129.86259461,-243.93893433,1437634300.244780,1
-1.875,-1.63549805,-1.875,-200.12213135,199.95419312,-129.84733582,1437634300.304745,1
-1.10961915,-1.98828125,-1.73876954,-197.92366028,243.11450196,-244.12213135,1437634300.334571,1
-1.77124024,-0.96679688,-1.6604004,-208.18321229,247.67938233,-224.19847107,1437634300.394982,1
-1.56469727,-0.87304688,1.88598633,237.43511963,249.20610047,-243.87786866,1437634300.425466,1
-1.58691407,-0.84863282,1.98876954,223.02290345,-243.20610047,-249.81678772,1437634300.484943,1
-1.72485352,-0.97436524,-1.87304688,-236.61068726,243.58778382,-249.54199219,1437634300.514804,1
-1.7319336,-1.07617188,-1.91625977,241.54199219,-242.96183777,241.23664856,1437634300.574577,1
-1.6953125,-1.93725586,-1.90454102,-219.38931275,249.03816224,-234.96183777,1437634300.606343,1
-1.66650391,-1.01855469,-1.88061524,-247.93893433,-248.62596131,-242.88549805,1437634300.634651,1
-1.70629883,-0.96997071,-1.91357422,-243.7709961,248.65649415,-249.93893433,1437634300.694466,1
-1.72509766,-1.07519532,-1.8894043,-227.6335907,245.84733582,-243.54199219,1437634300.724601,1
-1.71606446,-1.09472657,-1.89208985,-234.56488038,248.76335145,-238.68702698,1437634300.786302,1
-1.6850586,-1.06567383,-1.91674805,-243.3740387,246.70228577,248.06106568,1437634300.816050,1
-1.71386719,-1.94091797,-1.92553711,-244.32061768,-248.58015442,-249.4045868,1437634300.875368,1
-1.68212891,-1.06958008,-1.90991211,-248.6412201,249.80152894,-243.69465638,1437634300.906203,1
-1.69140625,-1.04931641,-1.93359375,249.92366028,-245.5114441,241.80152894,1437634300.964793,1
-1.68237305,-1.06103516,-1.92358399,248.65649415,244.73281861,-250,1437634300.994466,1
-1.68432618,-1.05273438,-1.91967774,-249.98472596,249.34350586,-245.08396912,1437634301.055267,1
-1.68090821,-1.0612793,-1.9440918,-219.1450348,247.74046326,247.55725098,1437634301.084652,1
-1.69189454,-1.0612793,-1.93554688,246.01527405,-248.61068726,-245.20610047,1437634301.145126,1
-1.6916504,-1.05541993,-1.94628907,249.55725098,247.06869507,-238.91603089,1437634301.175100,1
-1.66381836,-1.05126954,-1.91333008,246.59541321,-249.19084168,-229.87786866,1437634301.234574,1
-1.64404297,-1.03735352,-1.93457032,249.98472596,246.53434754,-211.5114441,1437634301.265117,1
-1.67382813,-1.04809571,-1.9206543,242.56488038,233.29771424,-177.6335907,1437634301.294625,1
-1.70214844,-0.99169922,-1.94116211,232.94656373,230.1374054,-121.74045563,1437634301.355135,1
-1.66894532,-1.10083008,-1.94091797,-237.46565247,215.86259461,-28.07633591,1437634301.384794,1
-1.53930665,-0.73120118,-1.64916993,-173.55725098,203.75572205,-0.00763359,1437634301.445303,1
-0.75170899,-0.42700196,1.84033204,-165.93893433,156.22900391,-0.54961831,1437634301.474664,1
-1.04101563,-0.70410157,-1.77734375,-164.83969117,222.5038147,-200.56488038,1437634301.535031,1
-0.00006104,-0.80126954,-1.30297852,-165.43511963,204.82443238,2.96183205,1437634301.565065,1
-1.76171875,-1.47631836,-1.45922852,-172.77862549,-183.52671814,62.25954056,1437634301.626450,1
-1.63623047,-1.08642579,-1.11059571,-209.32824708,-124.88549805,26.01526642,1437634301.656255,1
-1.19506836,-1.41333008,-1.78710938,240.16793824,-167.80152894,-234.5038147,1437634301.715874,1
-1.07373047,-1.11987305,-1.36938477,246.88549805,-113.84732819,43.26717377,1437634301.744527,1
-1.91894532,-1.23535157,-1.19799805,-229.80152894,-0.00763359,170.42747498,1437634301.804723,1
-1.03271485,-1.42016602,-1.05908204,-223.72518921,-0.00763359,-237.64884949,1437634301.834757,1
-1.05908204,-1.10717774,-1.34423829,-243.60305787,-0.00763359,189.35877991,1437634301.895394,1
-1.9284668,-0.65356446,-1.91430665,-246.58015442,-67.31298066,230.51908875,1437634301.925338,1
-0.52539063,-1.24169922,-1.79809571,235.75572205,-249.32824708,133.86259461,1437634301.984373,1
-1.15429688,-1.02563477,1.68481446,146.1374054,-216.53434754,176.5038147,1437634302.014529,1
-1.19384766,-1.41601563,-1.8647461,-249.06869507,-84.56488801,-225.64884949,1437634302.045763,1
-1.91137696,-1.62084961,-1.88623047,-200.61068726,-81.84732819,-168.93130494,1437634302.105084,1
-1.9416504,-1.58007813,1.73730469,-211.75572205,235.93893433,-0.00763359,1437634302.134801,1
-1.22509766,-0.00006104,-1.875,-148.24427796,223.83206177,-61.40457917,1437634302.194865,1
-0.36865235,-0.14208985,-0.58398438,-209.61831666,237.48091126,-160.73281861,1437634302.225463,1
-1.13842774,-0.86230469,-1.72143555,-242.96183777,242.93130494,239.55725098,1437634302.284986,1
-1.7800293,-1.93432618,1.85620118,247.5114441,-243.84733582,-241.98472596,1437634302.314744,1
-1.61547852,-0.87988282,-1.97607422,250.09159852,248.35115052,-219.49618531,1437634302.375697,1
-1.56152344,-0.89868165,-1.97558594,-242.09159852,247.64884949,-241.75572205,1437634302.404867,1
-1.67626954,-0.92016602,1.96240235,-245.57252503,249.89312745,-242.88549805,1437634302.465097,1
-1.66845704,-0.98681641,-1.98486329,-218.91603089,-249.19084168,-233.64884949,1437634302.494891,1
-1.68334961,-0.99902344,-1.97265625,-248.51908875,-247.03816224,-249.55725098,1437634302.555566,1
-1.7097168,-1.02685547,-1.99121094,-247.16030884,-242.96183777,243.64884949,1437634302.585063,1
-1.71728516,-1.03442383,-1.98828125,-249.58778382,-244.42747498,-246.32061768,1437634302.644747,1
-1.9819336,-1.03344727,-1.98266602,249.84733582,246.99237061,-243.64884949,1437634302.675294,1
-1.72509766,-1.00512696,-1.99560547,-249.29771424,-245.46565247,238.97709656,1437634302.706484,1
-1.73828125,-1.04150391,1.99902344,249.0076294,243.11450196,-240.73281861,1437634302.764829,1
-1.71264649,-1.03881836,-1.98120118,-219.19084168,249.80152894,-236.74809266,1437634302.794672,1
-1.72753907,-1.01611329,1.9885254,237.12977601,249.52671814,-220.2748108,1437634302.854769,1
-1.70678711,-1.06494141,-1.99682618,-244.58015442,-249.20610047,-244.10687256,1437634302.884672,1
-1.76391602,-1.19799805,1.98559571,194.76335145,196.96183777,-161.1450348,1437634302.945143,1
1.49560547,-0.11132813,-1.97583008,-180.58015442,146.99237061,-0.00763359,1437634302.974699,1
-1.27294922,-0.00006104,-1.10327149,-57.66412354,84.25954438,-22.76335907,1437634303.036501,1
-0.5769043,-0.00006104,-1.35986329,-0.00763359,166.03053284,-89.28244019,1437634303.064848,1
-1.12402344,-1.6171875,-1.44799805,-202.79389954,-222.5038147,202.10687256,1437634303.125439,1
-1.70556641,1.7578125,-1.81054688,235.02290345,-193.74046326,173.41984559,1437634303.154884,1
-1.72827149,-0.73999024,-1.52783204,239.93893433,-154.47328187,115.46565247,1437634303.245112,1
-1.30908204,-1.64453125,-1.93896485,-222.76335145,-162.35115052,46.67175675,1437634303.274487,1
-1.98291016,-1.16699219,-1.82055665,151.25190735,-124.03053284,85.2061081,1437634303.304946,1
-1.33886719,-1.91918946,-1.61645508,175.06869507,-0.00763359,220.77862549,1437634303.335048,1
-0.00006104,-0.16625977,-1.14453125,150.42747498,-113.6335907,171.25190735,1437634303.395548,1
-0.00006104,-1.94848633,-1.60595704,212.32061768,-61.5725174,-219.6335907,1437634303.425088,1
-0.41625977,-1.11035157,1.77905274,150.85496521,-176.97709656,120.45801545,1437634303.485028,1
-0.55273438,-0.8400879,1.31469727,213.23664856,-191.58778382,-245.48091126,1437634303.514985,1
-0.44580079,-1.69360352,1.79785157,-150.15266419,-125.58778382,-186.68702698,1437634303.574207,1
-0.85449219,-1.96728516,1.95654297,151.96946717,-234.15266419,-0.00763359,1437634303.605231,1
-0.00006104,-0.00006104,-1.875,-177.54199219,180.18321229,-19.08396912,1437634303.634743,1
-0.36889649,-0.00006104,-1.76953125,231.69465638,232.85496521,-114.38167573,1437634303.696052,1
-0.89379883,-0.00006104,-1.82250977,-240.99237061,244.82443238,-163.57252503,1437634303.724898,1
-1.52026368,-0.52783204,1.64819336,-248.53434754,-246.76335145,-172.47328187,1437634303.784932,1
-1.57934571,-0.86621094,-1.9765625,241.96946717,-249.4045868,-209.60305787,1437634303.814701,1
-1.65161133,-0.92407227,-1.97558594,249.83206177,248.73281861,-220.85496521,1437634303.875168,1
-1.65136719,-1.00195313,1.99584961,249.78625489,246.41221619,-231.55725098,1437634303.905007,1
-1.6640625,-0.9987793,1.99926758,247.20610047,-249.84733582,-241.2671814,1437634303.964917,1
-1.66430665,-1.02905274,-1.99389649,247.78625489,249.90840149,-235.6335907,1437634303.995046,1
-1.66967774,-1.05078125,-1.98925782,248.870224,245.45037842,-241.7709961,1437634304.055212,1
-1.67675782,-1.03442383,-1.98657227,248.04580689,-248.22900391,-243.74046326,1437634304.084936,1
-1.63549805,-1.94335938,-1.99169922,240.61068726,249.72518921,-239.52671814,1437634304.145219,1
-1.97851563,-1.03833008,-1.9765625,231.78625489,244.59541321,-226.53434754,1437634304.174979,1
-1.97949219,-1.04541016,-1.96899415,220.68702698,231.05343628,-211.75572205,1437634304.234669,1
-1.67578125,-1.0678711,-1.96582032,247.64884949,230.82443238,-130.61068726,1437634304.264981,1
-1.69506836,-0.93481446,-1.92016602,-206.59541321,191.11450196,-0.00763359,1437634304.294762,1
-1.80419922,-0.92236329,-1.91015625,-215.86259461,155.96946717,-0.00763359,1437634304.354625,1
-1.91137696,-0.02563477,-1.59497071,-206.97709656,115.09923554,-0.00763359,1437634304.384889,1
-1.24121094,-0.94091797,-1.63745118,-0.00763359,-234.5038147,-0.00763359,1437634304.445002,1
-0.00006104,-0.00006104,-1.59545899,30.41221428,151.58778382,-234.5038147,1437634304.475102,1
1.41333008,-1.67333985,-0.7565918,245.23664856,-246.48855591,-233.89312745,1437634304.535326,1
-1.82470704,-0.94653321,-1.45336915,223.60305787,-166.47328187,-234.5038147,1437634304.564743,1
-1.6953125,-1.94091797,1.75854493,79.48091889,-136.61068726,35.60305405,1437634304.625218,1
-1.40087891,-0.8515625,-1.58325196,102.25954438,-108.54962159,2.10687018,1437634304.654701,1
-0.96044922,-0.19775391,1.88256836,87.16030884,-120.7022934,-234.5038147,1437634304.715050,1
-0.77685547,-0.2541504,1.95605469,136.61068726,-136.51908875,-234.5038147,1437634304.745007,1
-1.1484375,-0.37744141,1.23706055,120.62595368,-227.57252503,170.74809266,1437634304.805131,1
-0.29199219,-1.27661133,0.8959961,-221.09924317,238.38168335,-205.98472596,1437634304.834640,1
-0.74267579,-1.70019532,1.53076172,-128.67175293,-233.25190735,-222.94656373,1437634304.894446,1
1.16137696,-1.1237793,1.89697266,216.79389954,231.58778382,-52.38167954,1437634304.924982,1
-1.17871094,-1.13769532,1.74584961,-182.90075684,196.65649415,-0.00763359,1437634304.955609,1
-0.07250977,-0.00006104,-0.98950196,-190.83969117,236.30534363,-131.06869507,1437634305.015289,1
-0.83569336,-0.04003907,-1.90820313,-225.4045868,-248.45800782,-213.5114441,1437634305.044790,1
-1.47021485,-1.0456543,1.94189454,212.91603089,245.75572205,-230.870224,1437634305.105111,1
-1.69897461,-0.77172852,1.92358399,231.58778382,245.1450348,-242.07633973,1437634305.135998,1
-1.76147461,-0.81860352,-1.95703125,-246.74809266,249.41984559,-238.73281861,1437634305.195163,1
-1.69042969,-1.07373047,-1.95166016,249.3740387,-249.93893433,-248.61068726,1437634305.225237,1
-1.69628907,-1.06054688,-1.99414063,249.61831666,247.46565247,-244.65649415,1437634305.285261,1
-1.70703125,-1.04052735,-1.9663086,248.90075684,-246.68702698,-237.52671814,1437634305.315112,1
-1.70629883,-1.07128907,-1.99780274,245.55725098,-248.79389954,-240.70228577,1437634305.375294,1
-1.70410157,-1.05493165,-1.97094727,-248.88549805,-244.91603089,-218.97709656,1437634305.405316,1
-1.68579102,-1.05761719,-1.96142579,249.25190735,249.60305787,-246.99237061,1437634305.465004,1
-1.6760254,-1.05712891,-1.96484375,241.43511963,245.6335907,-249.78625489,1437634305.494844,1
-1.75122071,-1.05151368,-1.96313477,223.66412354,235.23664856,-234.70228577,1437634305.554729,1
-1.69018555,-1.12402344,-1.95092774,-221.89312745,220.39694214,-197.5114441,1437634305.585387,1
-1.86621094,-1.0378418,-1.9597168,242.93130494,207.12977601,-33.63358689,1437634305.615266,1
1.92016602,-1.08984375,1.99365235,-244.94656373,186.99237061,-0.00763359,1437634305.675427,1
-1.46704102,-1.01074219,-1.78613282,241.25190735,174.77862549,-0.00763359,1437634305.705779,1
-0.7734375,-1.90771485,-1.8203125,106.6412201,123.61832428,-0.00763359,1437634305.765099,1
-1.72778321,-0.00006104,1.86621094,116.51908112,35.03816605,54.19847489,1437634305.795307,1
-1.65307618,1.66186524,-1.76879883,129.38931275,118.22900391,-231.83206177,1437634305.854882,1
-1.98095704,-0.98217774,-0.78930665,-220.38168335,-216.73281861,-234.5038147,1437634305.885336,1
1.72485352,-1.45874024,-1.73217774,177.38931275,-171.41984559,6.54961825,1437634305.945519,1
-1.72070313,-1.5275879,1.95434571,71.23664094,-151.35877991,-229.05343628,1437634305.975262,1
-1.58251954,-0.83129883,1.98876954,82.54962159,-135.95419312,-231.3740387,1437634306.035164,1
-0.96386719,-0.29052735,1.83178711,107.95420075,-145.6335907,22.21374131,1437634306.064869,1
-0.77246094,-0.62084961,-1.82202149,159.12977601,-130.77862549,-226.03053284,1437634306.125016,1
-0.00006104,-1.4338379,1.5834961,181.95419312,-169.38931275,229.70993042,1437634306.155023,1
-0.23901368,-1.59619141,1.36743165,-150.61068726,-207.35877991,-172.06106568,1437634306.214643,1
-1.92822266,-1.51831055,1.77075196,-179.35877991,230.36640931,-21.26717568,1437634306.245016,1
1.03637696,-1.62207032,0.91650391,-155.09924317,214.10687256,-94.18320466,1437634306.274855,1
-1.16064454,-0.74511719,-0.90039063,-137.69465638,219.80152894,-106.71755982,1437634306.335324,1
-1.09033204,-0.96044922,-1.80859375,233.2671814,-246.79389954,-184.41221619,1437634306.365146,1
-1.36523438,-1.91674805,-1.81567383,-240.5038147,-248.80915833,-234.18321229,1437634306.425130,1
-1.5300293,-1.44628907,-1.93115235,247.58778382,-246.47328187,-245.61831666,1437634306.454841,1
-1.70874024,-1.05004883,-1.95874024,-249.61831666,-248.65649415,-236.99237061,1437634306.516545,1
-1.67456055,-1.0690918,-1.96264649,250.06106568,247.09924317,-235.17556763,1437634306.544789,1
-1.66528321,-1.07177735,-1.95751954,245.35877991,-246.85496521,-245.55725098,1437634306.605365,1
-1.65795899,-1.06372071,-1.97631836,243.86259461,-246.74809266,-236.18321229,1437634306.635433,1
-1.65405274,-1.05932618,-1.99682618,243.54199219,249.92366028,-249.05343628,1437634306.695588,1
-1.65087891,-1.06079102,-1.95117188,239.98472596,247.0076294,-248.6412201,1437634306.724930,1
-1.63793946,-1.06079102,-1.9584961,235.0076294,241.3740387,-233.60305787,1437634306.785760,1
-1.62207032,-1.94238282,-1.91845704,227.80152894,243.72518921,-219.55725098,1437634306.814984,1
-1.62744141,-1.06713868,-1.9206543,227.41984559,240.82443238,-192.56488038,1437634306.874742,1
-1.63208008,-1.06030274,-1.93823243,227.22137452,232.29006959,-242.94656373,1437634306.905274,1
-1.68188477,-1.06738282,-1.89697266,228.44274903,201.2671814,-10.96183205,1437634306.934918,1
-1.85742188,-1.10498047,-1.88623047,216.82443238,156.61068726,-0.00763359,1437634306.995607,1
-1.12109375,-0.6394043,-1.64282227,184.45800782,149.20610047,-0.00763359,1437634307.025049,1
-1.30688477,-1.04736329,-1.59716797,7.37404585,52.06106949,-83.29770661,1437634307.085839,1
-1.95336915,-0.00006104,-0.00006104,114.15267182,72.91603089,33.63358689,1437634307.115237,1
-1.64916993,-1.06616211,-1.07543946,-247.75572205,210.96183777,-234.5038147,1437634307.175090,1
-1.71484375,-1.72436524,-1.14501954,-233.05343628,-245.0076294,-234.5038147,1437634307.235151,1
-1.6694336,-1.23095704,-1.64086915,218.06106568,-150.68702698,-234.5038147,1437634307.264982,1
-1.52124024,-1.39233399,-1.88452149,147.72518921,-130.21374512,52.45801545,1437634307.295262,1
-1.22753907,-0.80371094,-1.67041016,151.75572205,-77.92366791,47.19083787,1437634307.355019,1
-0.46142579,-0.27709961,-1.7097168,141.95419312,-120.36640931,15.40458012,1437634307.385007,1
-0.6994629,-0.72216797,1.9194336,158.58015442,-246.44274903,85.51145173,1437634307.445455,1
-0.8022461,-1.03027344,1.14404297,142.2748108,-194.12213135,-241.41984559,1437634307.474961,1
-1.88671875,-1.57275391,1.60546875,-177.46565247,-177.28244019,-161.28244019,1437634307.534490,1
-0.70874024,-1.64672852,1.85498047,191.29771424,208.32061768,-0.00763359,1437634307.565029,1
-1.90356446,-0.00006104,0.31176758,-32.73282624,-240.47328187,69.87786103,1437634307.594826,1
-0.14404297,-0.42260743,-1.53808594,-117.98473359,-239.70993042,19.20610619,1437634307.655100,1
-1.81054688,-1.95605469,1.41479493,243.32824708,-249.08396912,202.04580689,1437634307.684905,1
-1.32836915,-0.50463868,-1.76635743,242.91603089,-246.36640931,226.51908875,1437634307.745060,1
-1.30615235,-0.65454102,-1.97387696,-248.19847107,248.88549805,229.28244019,1437634307.774973,1
-1.52075196,-0.92529297,1.98999024,-250.07633973,-249.69465638,232.22900391,1437634307.835073,1
-1.57543946,-0.93139649,-1.9987793,-249.69465638,247.60305787,248.44274903,1437634307.864908,1
-1.64575196,-1.04101563,-1.96899415,249.16030884,-247.81678772,238.79389954,1437634307.925383,1
-1.97949219,-1.0444336,-1.97460938,-247.2671814,-244.53434754,249.31297303,1437634307.955241,1
-1.66186524,-1.08129883,-1.9765625,-248.21374512,-248.61068726,-243.96946717,1437634308.015419,1
-1.65820313,-1.0666504,-1.99780274,243.83206177,-247.83206177,250.06106568,1437634308.045269,1
-1.65478516,-1.06079102,-1.96948243,235.23664856,241.06869507,-236.19847107,1437634308.105166,1
-1.65136719,-1.05932618,-1.94311524,220.48855591,237.0076294,-210.29006959,1437634308.134938,1
-1.64770508,-1.05932618,-1.95703125,237.32824708,222.94656373,-139.31297303,1437634308.194555,1
-1.79077149,-1.11108399,-1.94042969,-236.47328187,-221.45037842,-14.51908398,1437634308.225366,1
-1.6291504,-0.9753418,-1.89111329,-249.17556763,156.24427796,-0.00763359,1437634308.254901,1
-1.04736329,-0.79394532,1.99267579,239.61831666,138.870224,-0.00763359,1437634308.316081,1
-1.13110352,-0.83764649,-1.75244141,230.1374054,-234.5038147,-0.00763359,1437634308.346093,1
-0.00006104,-0.65747071,-0.17333985,158.82443238,106.58015442,-234.5038147,1437634308.404952,1
1.23779297,-0.96337891,-0.98754883,-218.91603089,-244.91603089,56.2748108,1437634308.435526,1
-1.63793946,-1.41186524,-1.1940918,221.80152894,-161.55725098,-234.5038147,1437634308.495533,1
-1.78808594,-1.98364258,-1.73681641,90.1374054,-149.12977601,62.45801545,1437634308.525383,1
-1.49121094,-1.07153321,-1.67871094,115.48091889,-60.6412201,101.78626252,1437634308.585127,1
-0.00006104,-1.18115235,0.7644043,136.12213135,-137.4045868,35.89313126,1437634308.615331,1
-0.74780274,-0.65014649,1.5041504,-208.74809266,-120.12213898,87.58778382,1437634308.675460,1
-0.41479493,-1.2800293,-1.81958008,191.49618531,-178.48855591,130.18321229,1437634308.704866,1
-0.51049805,-1.66796875,1.07910157,-215.25190735,-185.0076294,-242.99237061,1437634308.795169,1
-1.90698243,-1.66967774,1.45996094,-239.17556763,240.79389954,160.01527405,1437634308.824559,1
0.59716797,-1.51782227,0.63134766,-203.93893433,204.06106568,-139.11450196,1437634308.854758,1
1.78637696,-1.05517579,-1.51611329,-116.09160615,-220.45800782,-223.60305787,1437634308.885153,1
1.52416993,-1.97241211,-1.76684571,228.5038147,-248.94656373,-231.61831666,1437634308.915013,1
-1.8647461,-1.07250977,-1.72314454,-243.95419312,-249.98472596,-247.93893433,1437634308.975304,1
-1.88183594,-0.93872071,1.99414063,-241.7709961,-248.54962159,-224.870224,1437634309.005165,1
-1.59277344,-1.16015625,-1.97827149,-248.61068726,-247.64884949,-237.98472596,1437634309.065351,1
-1.71142579,-0.97509766,-1.98828125,249.20610047,248.51908875,-246.5038147,1437634309.094859,1
-1.66918946,-1.06933594,-1.95166016,-249.75572205,-248.35115052,-247.03816224,1437634309.156655,1
-1.66137696,-1.04296875,-1.96533204,249.19084168,249.31297303,-242.35115052,1437634309.184824,1
-1.97924805,-1.04516602,-1.96118165,244.01527405,-219.03816224,-249.25190735,1437634309.245086,1
-1.66235352,-1.06372071,-1.9650879,246.5038147,-249.38931275,-247.29771424,1437634309.275320,1
-1.6484375,-1.05004883,-1.97729493,241.92366028,244.44274903,-243.05343628,1437634309.335438,1
-1.65869141,-1.05419922,-1.95654297,241.2671814,249.43511963,-244.77862549,1437634309.365353,1
-1.65405274,-1.07495118,-1.96728516,228.94656373,248.91603089,-248.62596131,1437634309.425208,1
-1.65112305,-1.06152344,-1.95947266,217.17556763,239.84733582,-215.58778382,1437634309.455065,1
-1.97900391,-1.07006836,-1.94506836,221.3740387,230.90075684,-139.64884949,1437634309.514617,1
-1.98144532,-0.97192383,-1.87207032,237.74046326,212.10687256,-19.63358689,1437634309.545243,1
-1.85595704,-0.89428711,-1.59399415,-226.41221619,178.48855591,-0.00763359,1437634309.574951,1
-0.92431641,-1.01269532,-1.85083008,221.89312745,162.90075684,-0.00763359,1437634309.666480,1
-1.24145508,-1.23217774,-1.75366211,130.870224,48.01526642,-238.97709656,1437634309.694874,1
-0.64746094,-0.65820313,-1.0288086,107.69465638,136.35115052,-234.5038147,1437634309.724919,1
1.6291504,-1.2265625,-1.13745118,-211.60305787,196.29006959,51.43511582,1437634309.754890,1
-1.62231446,-1.30664063,-1.93872071,-230.44274903,-136.35115052,-234.5038147,1437634309.814814,1
-1.63549805,-1.51000977,-1.59106446,199.28244019,-159.87786866,1.23664117,1437634309.844930,1
-1.35424805,-1.26928711,-1.88720704,97.37404633,-119.72518921,65.81679535,1437634309.905195,1
-1.12280274,-0.63916016,-1.63134766,135.4045868,-92.04579926,51.11450196,1437634309.935028,1
-0.58862305,-0.44482422,-1.96337891,134.36640931,-110.06106568,49.31297684,1437634309.995055,1
-0.45361329,-0.62353516,1.72949219,197.34350586,-136.5038147,100.30534363,1437634310.024937,1
-0.50610352,-1.45483399,1.11840821,227.7709961,-223.70993042,-235.45037842,1437634310.086712,1
-1.88671875,-1.57080079,-1.78442383,-151.78625489,242.24427796,-180.82443238,1437634310.115096,1
1.6459961,-1.01123047,1.95288086,173.19084168,221.66412354,-0.00763359,1437634310.175025,1
-0.18188477,-0.00006104,1.31494141,-159.31297303,202.25953675,-75.86259461,1437634310.205284,1
-0.00006104,-0.3178711,-1.95434571,-164.79389954,231.98472596,-196.93130494,1437634310.235039,1
-1.7775879,-0.82153321,-1.97192383,247.02290345,249.02290345,248.62596131,1437634310.295086,1
-1.98168946,-0.93139649,1.97973633,-226.71755982,-249.19084168,-240.01527405,1437634310.326586,1
-1.53515625,-1.14306641,-1.89501954,-248.96183777,-244.74809266,-249.35877991,1437634310.385501,1
-1.69360352,-0.97070313,-1.9194336,249.92366028,248.79389954,-245.83206177,1437634310.414991,1
-1.66625977,-1.01416016,-1.97827149,249.72518921,249.90840149,-229.69465638,1437634310.476965,1
-1.61230469,-1.05004883,-1.95434571,245.31297303,-249.61831666,-227.20610047,1437634310.505227,1
-1.64794922,-1.00830079,-1.96118165,244.54962159,247.78625489,-242.80915833,1437634310.565324,1
-1.60986329,-1.04003907,-1.95458985,250.01527405,244.90075684,-240.90075684,1437634310.595972,1
-1.66528321,-1.05029297,-1.94628907,243.4045868,246.01527405,-236.03053284,1437634310.656068,1
-1.65283204,-1.06958008,-1.94384766,238.88549805,245.90840149,-242.83969117,1437634310.684897,1
-1.6604004,-1.9416504,-1.92431641,-219.87786866,238.15266419,-215.23664856,1437634310.745341,1
-1.66210938,-1.08374024,-1.91650391,-219.84733582,241.43511963,-184.97709656,1437634310.775033,1
-1.97705079,-1.07153321,-1.93408204,221.19084168,223.70993042,-140.09159852,1437634310.835255,1
-1.68945313,-1.07836915,-1.89086915,218.33587647,201.02290345,-14.83969498,1437634310.865433,1
-1.9104004,-0.97900391,-1.66381836,-246.33587647,180.68702698,-0.00763359,1437634310.894980,1
-0.7006836,-0.72851563,-1.76660157,192.38168335,172.88549805,-0.00763359,1437634310.955452,1
-1.05712891,-1.1159668,-1.67431641,-227.92366028,-232.80915833,-182.16793824,1437634310.986113,1
1.95898438,1.86499024,1.92163086,54.65649033,71.17557526,1.86259544,1437634311.045263,1
-1.85717774,-1.40722657,-0.94360352,-240.47328187,145.74046326,-234.5038147,1437634311.074941,1
-1.59082032,-1.53344727,-0.88256836,239.95419312,-109.58778382,-234.5038147,1437634311.136115,1
-1.70654297,-1.50317383,-1.50122071,211.41984559,-64.15267182,15.32824421,1437634311.165481,1
-1.27441407,-1.22680665,-1.6459961,125.5725174,-32.16793824,141.95419312,1437634311.226123,1
-1.9206543,-0.00006104,-1.33447266,166.99237061,-66.97709656,-233.64884949,1437634311.255007,1
-0.39501954,-0.44042969,-1.66723633,216.18321229,-124.91603089,49.5725174,1437634311.315573,1
-0.00006104,-1.3046875,1.08569336,168.18321229,-178.96183777,172.88549805,1437634311.375369,1
-0.04760743,-1.90820313,1.06542969,-245.45037842,-209.92366028,-248.80915833,1437634311.405385,1
-0.70458985,-1.77954102,1.58056641,-111.23664094,-160.25953675,-216.41221619,1437634311.435456,1
1.94433594,-0.39184571,1.86767579,145.09924317,-234.83969117,-0.00763359,1437634311.494954,1
-0.68994141,-0.52832032,1.71044922,-140.85496521,239.1450348,-234.5038147,1437634311.525046,1
0.03930665,-1.68994141,1.83520508,-242.10687256,247.11450196,132.32061768,1437634311.555025,1
1.84570313,-1.60839844,-1.75219727,-234.61068726,248.62596131,247.75572205,1437634311.615040,1
-1.71411133,-0.99414063,-1.9987793,247.98472596,-250.01527405,-249.38931275,1437634311.734973,1
-1.97509766,-1.05981446,-1.94238282,244.83969117,-248.32061768,-237.31297303,1437634311.797366,1
-1.68774415,-0.99902344,-1.97143555,-249.38931275,249.32824708,-240.07633973,1437634311.825121,1
-1.66186524,-1.04882813,-1.96972657,-246.47328187,-244.62596131,-248.61068726,1437634311.885198,1
-1.6694336,-1.04345704,-1.96655274,247.20610047,246.70228577,-240.41221619,1437634311.914969,1
-1.65649415,-1.05126954,-1.96289063,247.06869507,-248.29006959,-237.48091126,1437634311.975844,1
-1.66967774,-1.06372071,-1.97070313,247.96946717,249.06869507,-246.68702698,1437634312.005163,1
-1.66723633,-1.0546875,-1.96459961,246.06106568,242.82443238,-238.29006959,1437634312.065535,1
-1.64965821,-1.04589844,-1.94433594,233.17556763,246.03053284,-228.04580689,1437634312.095279,1
-1.64355469,-1.08007813,-1.92285157,210.56488038,227.83206177,-190.15266419,1437634312.155217,1
-1.87792969,-0.99511719,-1.86401368,240.48855591,192.79389954,-237.93893433,1437634312.185240,1
1.9038086,-1.15332032,-1.77856446,-208.47328187,168.59541321,-0.00763359,1437634312.215255,1
-1.1772461,-0.70092774,-1.98510743,-188.10687256,138.94656373,-0.00763359,1437634312.276275,1
-1.44799805,-1.27490235,-1.8413086,-241.74046326,86.39694977,-35.89313126,1437634312.305179,1
-0.81274415,-0.0744629,-0.00006104,132.6412201,184.44274903,87.03816987,1437634312.364974,1
1.60522461,-1.24584961,-1.32470704,-242.97709656,216.73281861,70.65648652,1437634312.395119,1
-1.51171875,-1.32104493,-1.25976563,233.12977601,-198.32061768,-234.5038147,1437634312.455674,1
-1.85302735,-1.46655274,-1.79028321,135.69465638,-179.49618531,-234.5038147,1437634312.485837,1
-1.6604004,-1.22949219,-1.82861329,98.09160615,-171.20610047,25.34351159,1437634312.544979,1
-1.31542969,-0.52148438,1.8203125,18.5648861,-176.65649415,25.96946526,1437634312.574993,1
-0.68212891,-0.54370118,-1.88549805,219.60305787,-195.74046326,127.6335907,1437634312.635616,1
-1.38232422,-1.20922852,-1.96166993,198.42747498,-0.00763359,155.7709961,1437634312.665515,1
-0.08374024,-0.87011719,0.7644043,-209.83206177,-179.19084168,-239.98472596,1437634312.725046,1
-0.4741211,-1.8166504,0.7397461,-102.21373749,-233.5114441,-183.72518921,1437634312.786311,1
0.88964844,-1.72192383,-1.96533204,149.74046326,-237.1450348,-0.00763359,1437634312.815446,1
-0.05981446,-0.32641602,-1.7800293,-184.91603089,220.94656373,141.69465638,1437634312.845278,1
1.85424805,-1.49267579,1.64794922,240.12213135,243.4045868,216.88549805,1437634312.875069,1
-1.67651368,1.96215821,-1.74707032,-227.22137452,-245.70993042,186.83969117,1437634312.935432,1
1.95654297,-1.27197266,-1.75219727,-244.36640931,-247.17556763,222.94656373,1437634312.965012,1
-1.88183594,-1.24682618,-1.95019532,-248.5038147,-249.29771424,243.43511963,1437634313.025518,1
-1.79052735,-1.21459961,-1.94628907,249.80152894,247.96946717,235.22137452,1437634313.055043,1
-1.75463868,-1.14379883,-1.96020508,-248.70228577,244.93130494,243.34350586,1437634313.116007,1
-1.71020508,-1.11499024,-1.9597168,247.46565247,248.54962159,-247.38931275,1437634313.145646,1
-1.68774415,-1.09179688,-1.97875977,245.3740387,247.06869507,-243.70993042,1437634313.205426,1
-1.65869141,-1.09106446,-1.95507813,245.17556763,248.65649415,-248.54962159,1437634313.235027,1
-1.66015625,-1.03295899,-1.96191407,-219.61831666,246.16793824,-232.61068726,1437634313.295361,1
-1.64965821,-1.0769043,-1.94604493,228.41221619,-219.69465638,-249.09924317,1437634313.325171,1
-1.65478516,-1.94116211,-1.94042969,222.1374054,233.03816224,-209.86259461,1437634313.385466,1
-1.73706055,-1.05932618,-1.94091797,234.09159852,235.95419312,-124.35114289,1437634313.415470,1
-1.79418946,-1.0612793,-1.92993165,241.86259461,201.90840149,-0.00763359,1437634313.474831,1
-1.7421875,-1.15063477,-1.77905274,236.07633973,172.97709656,-0.00763359,1437634313.505689,1
-0.84033204,-0.17749024,-1.9885254,79.75572205,122.48854828,-0.00763359,1437634313.535095,1
-1.0197754,-0.87060547,-1.93066407,173.58778382,-234.5038147,-244.29006959,1437634313.595514,1
-0.85473633,-0.00006104,-1.03686524,-214.19847107,-230.16793824,-234.5038147,1437634313.625308,1
1.73999024,1.42309571,-1.25805665,-235.03816224,226.06106568,-234.5038147,1437634313.685397,1
1.64404297,-1.90795899,-1.3022461,196.38168335,-120.61068726,67.83206177,1437634313.714758,1
-1.66503907,-1.1628418,-1.68286133,150.71755982,-103.95420075,-234.1374054,1437634313.776039,1
-1.63452149,-1.12353516,-1.91845704,79.92366791,-65.41984559,80.33587647,1437634313.807250,1
-0.90063477,-0.00006104,1.98706055,133.83206177,-128.24427796,23.57251931,1437634313.865463,1
-0.5546875,-0.44750977,-1.84472657,235.16030884,-120.91603089,159.58778382,1437634313.895525,1
-0.05029297,-1.41503907,1.64916993,190.03053284,-241.3740387,124.03053284,1437634313.955420,1
-0.36035157,-1.88647461,1.19604493,-229.96946717,-247.75572205,-228.19847107,1437634313.985436,1
-0.65649415,-1.62719727,1.61425782,-186.06106568,-210.35115052,-144.83969117,1437634314.075565,1
1.4897461,-0.61914063,-1.6291504,-212.79389954,210.53434754,-81.1450348,1437634314.105163,1
1.47949219,-0.7097168,-1.57495118,-243.25190735,202.42747498,-234.5038147,1437634314.135101,1
0.50122071,1.1538086,-1.76489258,240.58015442,-244.70228577,153.81678772,1437634314.165470,1
1.94824219,-1.06347657,-1.3359375,-205.78625489,-240.54962159,201.25190735,1437634314.195098,1
-1.78833008,-1.73291016,-1.89794922,237.60305787,-249.29771424,221.72518921,1437634314.255276,1
-1.98608399,-1.9440918,1.99291993,245.60305787,-247.86259461,249.75572205,1437634314.286912,1
-1.67358399,-1.03833008,-1.92919922,248.33587647,249.58778382,-241.46565247,1437634314.345601,1
-1.63745118,-0.99438477,-1.94482422,249.48091126,246.61068726,-242.82443238,1437634314.375074,1
-1.65112305,-1.00244141,-1.96166993,-248.74809266,248.65649415,-242.6412201,1437634314.435559,1
-1.97851563,-1.02197266,-1.96362305,-249.06869507,-246.67175293,-242.39694214,1437634314.466917,1
-1.6940918,-1.03173829,-1.97973633,248.15266419,248.33587647,-219.12977601,1437634314.525644,1
-1.6538086,-1.04980469,-1.99829102,245.32824708,-242.01527405,-243.75572205,1437634314.555186,1
-1.64819336,-1.05297852,-1.95581055,239.72518921,249.31297303,-237.6335907,1437634314.615545,1
-1.97949219,-1.01049805,-1.96191407,223.38931275,240.53434754,-230.47328187,1437634314.645257,1
-1.64233399,-1.10546875,-1.9140625,215.2671814,231.95419312,-159.86259461,1437634314.705223,1
-1.7709961,-1.1550293,-1.86206055,211.96946717,-221.61831666,-47.23664094,1437634314.735549,1
-1.94848633,-1.22460938,-1.89550782,-247.0076294,165.05343628,-0.00763359,1437634314.794973,1
-1.29345704,-0.65087891,-1.77978516,234.33587647,162.80915833,-0.00763359,1437634314.825191,1
-1.17236329,-1.02319336,-1.69580079,11.679389,100.87023163,-33.35877991,1437634314.855080,1
-1.98730469,-0.00006104,-0.00006104,208.61068726,104.44274903,129.74046326,1437634314.915296,1
-1.60351563,-1.46215821,-1.35253907,211.46565247,167.6335907,80.29007721,1437634314.944888,1
-1.66723633,-1.58886719,-1.13452149,-222.45800782,-245.72518921,1.02290082,1437634315.005402,1
-1.52441407,-0.99291993,-1.54785157,247.96946717,-156.61068726,-234.5038147,1437634315.035229,1
-1.78735352,-1.98168946,1.81372071,118.56488801,-100.85496521,66.7022934,1437634315.095841,1
-1.07153321,-0.72778321,-1.58007813,120,-85.54198456,54.87022782,1437634315.127524,1
-0.61303711,-0.16455079,-1.59887696,169.6335907,-88.51908112,33.93893052,1437634315.185202,1
-0.00006104,-0.00006104,-0.67529297,-247.05343628,-148.54962159,157.1450348,1437634315.215118,1
-0.00006104,1.50610352,1.15551758,200.90075684,-173.28244019,235.23664856,1437634315.276332,1
-0.60302735,-1.99658204,1.1862793,-207.86259461,-172.870224,-101.38931275,1437634315.305105,1
0.21044922,-1.44116211,-1.875,-180.90075684,192.56488038,-190.16793824,1437634315.365456,1
1.93481446,-1.09863282,-0.83618165,-119.35877991,-244.62596131,-39.5725174,1437634315.395275,1
-0.63403321,-0.71069336,-1.47827149,246.5038147,242.68702698,-244.88549805,1437634315.455607,1
-1.82006836,-1.04785157,-1.99072266,207.29771424,245.7709961,225.25190735,1437634315.485662,1
-1.91992188,-1.24023438,-1.93457032,242.80915833,249.90840149,244.70228577,1437634315.515150,1
-1.70117188,-1.33520508,-1.96655274,-218.94656373,-247.34350586,239.55725098,1437634315.575387,1
-1.77294922,-1.06103516,-1.96972657,246.88549805,245.1450348,-249.55725098,1437634315.605410,1
-1.70751954,-1.11206055,-1.9428711,249.75572205,246.97709656,-241.12977601,1437634315.665609,1
-1.69726563,-1.06933594,-1.96313477,-248.79389954,-244.42747498,247.41984559,1437634315.695124,1
-1.97973633,-1.06860352,-1.97607422,-246.53434754,243.90840149,-245.90840149,1437634315.755936,1
-1.66601563,-1.06884766,-1.9831543,247.1450348,-249.96946717,248.83969117,1437634315.785109,1
-1.6838379,-1.06396485,-1.96459961,247.78625489,250,-248.73281861,1437634315.845557,1
-1.63061524,-1.07373047,-1.96777344,240.59541321,240.54962159,-237.89312745,1437634315.875253,1
-1.65722657,-1.03222657,-1.9584961,231.70993042,241.74046326,-229.54199219,1437634315.935344,1
-1.65942383,-1.07495118,-1.9963379,213.93893433,-219.84733582,-216.5038147,1437634315.965110,1
-1.65771485,-1.05175782,-1.85620118,223.89312745,209.75572205,-86.38167573,1437634316.025317,1
-1.87231446,-1.01806641,-1.92626954,-229.98472596,192.39694214,-0.00763359,1437634316.055028,1
-1.58447266,-1.0366211,-1.8515625,-198.22900391,165.3740387,-0.00763359,1437634316.114980,1
-1.89135743,-1.87573243,1.80126954,200.33587647,116.67175293,-0.00763359,1437634316.145581,1
-1.94799805,-0.63110352,-1.90942383,-190.42747498,-234.5038147,-91.12976838,1437634316.175167,1
-1.9260254,-0.00006104,-1.2109375,-227.92366028,164.58015442,0.30534351,1437634316.235269,1
1.80078125,-1.78344727,-0.94213868,-227.16030884,243.11450196,32.18320466,1437634316.265109,1
-1.8959961,-1.30957032,-1.48120118,217.95419312,-134.38168335,21.98473359,1437634316.325287,1
-1.64331055,-1.35449219,-1.7944336,206.2748108,-140.35115052,13.83206082,1437634316.355159,1
-1.3947754,-1.11401368,1.97167969,79.45037842,-241.70993042,79.19084168,1437634316.415033,1
-0.92382813,-0.00006104,-1.77172852,172.94656373,-73.2061081,39.81679535,1437634316.445894,1
-0.33007813,-0.55249024,1.69311524,212.01527405,-162.01527405,-234.5038147,1437634316.505322,1
-0.00006104,-1.46166993,1.81860352,210.79389954,-202.35115052,115.67938996,1437634316.535220,1
-0.8503418,-1.59570313,0.84887696,-168.77862549,-220,-244.42747498,1437634316.595169,1
-0.88842774,1.95996094,1.07397461,-193.7709961,211.87786866,-123.29770661,1437634316.625165,1
-1.88012696,-1.68872071,1.40917969,-220.94656373,236.25953675,-168.53434754,1437634316.685553,1
-1.90087891,-1.29882813,-1.68286133,-115.6335907,-249.31297303,-222.44274903,1437634316.715087,1
1.9350586,-1.73608399,-1.63793946,249.66412354,246.70228577,166.39694214,1437634316.835282,1
-1.92919922,-1.55761719,-1.90087891,-209.11450196,-218.99237061,212.76335145,1437634316.864414,1
-1.79809571,-1.69360352,-1.63623047,-249.66412354,-246.70228577,227.23664856,1437634316.867178,1
-1.8491211,-1.33496094,-1.99584961,240.61068726,-249.96946717,232.16793824,1437634316.896706,1
-1.77148438,-1.05957032,-1.96679688,-249.12977601,-248.41221619,-248.870224,1437634316.927363,1
-1.68212891,-1.08032227,-1.94311524,246.68702698,-247.72518921,-234.36640931,1437634316.985716,1
-1.68774415,-1.05273438,-1.94921875,-219.05343628,-245.6335907,-242.56488038,1437634317.015157,1
-1.69580079,-0.9909668,-1.97363282,246.65649415,-247.55725098,-239.0076294,1437634317.076134,1
-1.66625977,-1.01123047,-1.9506836,-219.12977601,-248.54962159,-241.67938233,1437634317.105228,1
-1.67309571,-1.05859375,-1.9963379,245.09924317,-246.09159852,243.48091126,1437634317.165672,1
-1.72021485,-1.08300782,-1.9597168,245.81678772,247.5114441,-245.78625489,1437634317.195211,1
-1.69775391,-1.0534668,-1.93164063,-248.48855591,-248.04580689,-242.68702698,1437634317.258092,1
-1.66601563,-1.02978516,-1.9650879,247.55725098,245.4045868,-234.74809266,1437634317.285218,1
-1.75146485,-1.03491211,-1.94018555,241.80152894,245.83206177,-228.38168335,1437634317.345184,1
-1.68994141,-1.04833985,-1.88891602,213.17556763,218.38168335,-136.91603089,1437634317.375629,1
-1.87158204,-1.11791993,1.9494629,218.33587647,-222.09159852,-9.55725194,1437634317.435151,1
-1.57958985,-1.2397461,-1.76269532,-240.07633973,172.1374054,-0.00763359,1437634317.465468,1
-0.96411133,-0.95874024,-1.81933594,219.86259461,159.12977601,-0.00763359,1437634317.495188,1
-1.25732422,-1.19677735,-1.72192383,40.06106949,104.01526642,-0.00763359,1437634317.555326,1
-1.27465821,-0.00006104,-0.00006104,230.1374054,126.09160615,76.87023163,1437634317.586153,1
1.66796875,-1.34863282,-1.42919922,-206.36640931,187.19084168,9.35877896,1437634317.645517,1
-1.94433594,-1.4296875,-1.4050293,-201.57252503,-217.3740387,-234.5038147,1437634317.675144,1
-1.60522461,-1.43554688,-1.53564454,238.56488038,-164.85496521,-234.5038147,1437634317.735083,1
-1.35644532,-1.29980469,-1.77392579,183.95419312,-247.34350586,0.18320612,1437634317.766005,1
-0.62597657,-0.3034668,-1.85009766,130.24427796,-162.80915833,-234.38168335,1437634317.825682,1
-0.6838379,-0.56469727,-1.50854493,163.74046326,-37.34350968,-234.5038147,1437634317.855268,1
-0.08544922,-0.7734375,-1.62963868,206.870224,-121.69465638,164.62596131,1437634317.915352,1
-0.14624024,-0.00006104,1.3413086,143.08396912,-206.70228577,202.70228577,1437634317.946499,1
-0.41748047,1.92651368,1.0354004,-196.36640931,-216.74809266,-181.3740387,1437634318.005714,1
-1.24511719,-1.55908204,1.7163086,170.29006959,-227.6335907,-0.00763359,1437634318.035237,1
-1.17089844,-0.33642579,1.8479004,-183.32824708,236.22900391,-0.00763359,1437634318.095702,1
-1.90209961,-0.67822266,1.69555665,-248.82443238,-218.99237061,-218.54962159,1437634318.125793,1
-1.4663086,-0.00976563,1.8244629,-244.39694214,247.80152894,-128.01527405,1437634318.155285,1
-0.93774415,-0.45434571,1.94873047,-245.1450348,248.61068726,-182.96183777,1437634318.215581,1
-1.37670899,-0.43286133,-1.9494629,247.32824708,-248.21374512,-198.48855591,1437634318.246602,1
-1.45776368,-0.75488282,1.9897461,245.48091126,249.49618531,-216.73281861,1437634318.305406,1
-1.51806641,-0.92236329,-1.98559571,-249.7709961,248.35115052,-231.48091126,1437634318.335307,1
-1.60351563,-0.9428711,-1.96923829,-247.54199219,-248.5038147,-243.49618531,1437634318.395782,1
-1.62646485,-0.98510743,-1.9831543,246.39694214,246.45800782,-239.34350586,1437634318.425401,1
-1.6394043,-1.02294922,-1.96069336,-248.85496521,246.09159852,-249.84733582,1437634318.485530,1
-1.97802735,-1.03271485,-1.97778321,-248.88549805,248.90075684,-244.59541321,1437634318.545748,1
-1.6796875,-1.03344727,-1.95922852,-219.1450348,247.66412354,-239.78625489,1437634318.575852,1
-1.6484375,-1.00756836,-1.95922852,238.73281861,249.43511963,-230.07633973,1437634318.605485,1
-1.65063477,-1.02929688,-1.95996094,215.20610047,240.32061768,-213.23664856,1437634318.665712,1
-1.6928711,-1.07299805,-1.9272461,221.1450348,223.41984559,-80.71755982,1437634318.695834,1
-1.72729493,-0.65039063,-1.85229493,-197.5114441,199.96946717,-0.00763359,1437634318.755542,1
-1.49536133,-0.99609375,1.96972657,-186.62596131,165.66412354,-0.00763359,1437634318.814341,1
-0.14306641,-0.00006104,1.73120118,-246.97709656,122.88549805,-0.00763359,1437634318.845463,1
-1.60229493,-0.08862305,-1.89111329,235.54199219,-234.5038147,46.61068726,1437634318.875664,1
1.04809571,-0.00006104,1.85742188,125.25190735,133.81678772,-227.31297303,1437634318.905805,1
-1.97387696,-1.61987305,-0.84887696,-223.46565247,-189.08396912,73.45037842,1437634318.965821,1
-1.73730469,-1.12744141,-1.1538086,236.76335145,-143.11450196,-234.5038147,1437634318.995313,1
-1.72607422,-1.50122071,-1.95654297,167.03816224,-152.01527405,38.2748108,1437634319.056630,1
-1.48120118,-1.35766602,-1.65991211,111.84732819,-89.32824708,78,1437634319.087025,1
-0.96923829,-0.35522461,-1.7878418,120.41221619,-119.35877991,33.14503861,1437634319.145311,1
-0.82397461,-0.64575196,1.68408204,135.74046326,-122.73282624,156.10687256,1437634319.175237,1
-0.35498047,-1.11035157,1.90844727,137.61831666,-158.91603089,186.06106568,1437634319.235797,1
-0.09423829,-1.56103516,1.25756836,-199.75572205,-151.3740387,234.70228577,1437634319.265518,1
-0.3791504,1.57495118,1.16772461,-81.45037842,-227.75572205,200.19847107,1437634319.325918,1
-1.875,-1.9597168,-1.875,-12.01526738,158.91603089,-0.00763359,1437634319.355564,1
-0.56542969,-0.7956543,1.23046875,-139.75572205,240.15266419,-177.32824708,1437634319.416959,1
-1.59863282,-1.90698243,1.33837891,206.36640931,244.91603089,-215.52671814,1437634319.445552,1
-1.53466797,-1.8791504,-1.85961915,-209.78625489,249.98472596,-168.1374054,1437634319.505029,1
-1.22924805,-1.0275879,-1.97143555,-218.93130494,-248.35115052,-225.95419312,1437634319.535757,1
-1.63061524,-0.80249024,-1.99267579,-250.10687256,-248.91603089,-229.03816224,1437634319.566550,1
-1.54980469,-1.04248047,-1.9675293,247.87786866,-249.0076294,-232.09159852,1437634319.625418,1
-1.6303711,-0.98242188,-1.95678711,-249.22137452,-244.85496521,-245.70993042,1437634319.655221,1
-1.62353516,-1.02832032,-1.96704102,-249.93893433,-218.93130494,-241.11450196,1437634319.715760,1
-1.64257813,-1.03588868,-1.95898438,249.38931275,244.83969117,-241.96946717,1437634319.745329,1
-1.60644532,-1.06347657,-1.97241211,243.96946717,-248.35115052,248.68702698,1437634319.805708,1
-1.67016602,-1.03979493,-1.98828125,242.90075684,249.5114441,-249.72518921,1437634319.835382,1
-1.66650391,-1.08740235,-1.9519043,229.17556763,243.49618531,-238.79389954,1437634319.896221,1
-1.70874024,-1.9416504,-1.93652344,208.33587647,227.2671814,-198.12213135,1437634319.925849,1
-1.98950196,-1.05541993,-1.95751954,249.64884949,217.25190735,-98.19847107,1437634319.985561,1
-1.81713868,-1.13452149,-1.8569336,-229.41984559,193.17556763,-0.00763359,1437634320.016417,1
-1.45654297,-1.09814454,-1.78955079,-248.42747498,182.62596131,-0.00763359,1437634320.074289,1
-0.37524415,-0.16259766,-1.89428711,78.01526642,126.29007721,-0.00763359,1437634320.103997,1
-1.97192383,-1.8984375,-1.94018555,67.61832428,41.43511582,58.03053284,1437634320.163561,1
1.91796875,-0.00006104,-1.49169922,202.61068726,167.0076294,19.31297684,1437634320.194187,1
1.89794922,-1.99487305,-1.37963868,-232.91603089,218.21374512,-234.5038147,1437634320.224745,1
-1.81713868,-1.33374024,-1.64135743,210.29006959,-194.71755982,-234.5038147,1437634320.285823,1
-1.91918946,-1.39990235,-1.91259766,155.29771424,-145.25190735,54.94656373,1437634320.315985,1
-1.59545899,-1.39770508,-1.85351563,85.19084168,-241.29771424,61.98473359,1437634320.374314,1
-0.85131836,-1.89233399,-1.89575196,97.51145173,-108.22900391,50.19847489,1437634320.404912,1
-0.54980469,-0.31030274,1.92480469,222.97709656,-94.42748261,149.7709961,1437634320.464426,1
-0.00006104,1.61230469,1.46240235,155.66412354,-243.48091126,-247.12977601,1437634320.495030,1
-0.00006104,-1.47094727,1.63476563,-137.7709961,-214.04580689,-191.17556763,1437634320.555084,1
-0.86425782,-1.27807618,1.6916504,-187.70993042,235.93893433,-8.50381661,1437634320.588225,1
-1.70458985,-0.00006104,-1.59204102,-141.80152894,217.25190735,-206.870224,1437634320.645796,1
-1.76367188,-1.69238282,1.48754883,209.60305787,234.94656373,231.66412354,1437634320.675215,1
-1.61694336,-1.9416504,-1.47631836,-214.77862549,-238.45800782,230.2748108,1437634320.735678,1
-1.92431641,-1.94262696,1.97729493,-236.93130494,-247.16030884,242,1437634320.765685,1
-1.70434571,-1.33154297,-1.90039063,-249.93893433,-249.08396912,242.70228577,1437634320.824937,1
-1.74365235,-1.0847168,-1.94775391,-249.96946717,246.97709656,-246.65649415,1437634320.855616,1
-1.97973633,-1.09838868,-1.95507813,-249.25190735,-247.64884949,-250.1374054,1437634320.886536,1
-1.6706543,-1.07226563,-1.96704102,246.91603089,244.01527405,-248.2748108,1437634320.945386,1
-1.67041016,-1.07177735,-1.96264649,245.98472596,247.66412354,249.08396912,1437634320.975301,1
-1.65209961,-1.06054688,-1.97192383,-218.93130494,-249.08396912,-247.45037842,1437634321.094687,1
-1.6640625,-1.04882813,-1.96655274,247.92366028,-248.5038147,-241.67938233,1437634321.100754,1
-1.64135743,-1.0612793,-1.96240235,240.90075684,-249.86259461,-242.65649415,1437634321.128127,1
-1.97924805,-1.06689454,-1.96606446,239.75572205,243.11450196,-235.67938233,1437634321.156511,1
-1.66430665,-1.06567383,-1.94995118,233.32824708,242.83969117,-224.90075684,1437634321.215582,1
-1.63305665,-1.94238282,-1.94311524,223.67938233,239.08396912,-213.93893433,1437634321.246752,1
-1.81372071,-1.03930665,-1.88378907,-247.28244019,217.98472596,-125.28244019,1437634321.305384,1
-1.70800782,-1.14697266,-1.95043946,243.64884949,207.5114441,-19.19083977,1437634321.335413,1
-1.57055665,-1.20703125,1.97241211,214.5038147,215.38931275,-0.00763359,1437634321.395313,1
-1.1447754,-1.00830079,-1.7409668,175.60305787,195.78625489,-0.00763359,1437634321.425421,1
-0.95947266,-0.93823243,-1.9819336,70.73282624,128.48855591,-74.35114289,1437634321.485022,1
1.47314454,-0.55175782,-1.41186524,-233.08396912,104.73282624,-234.5038147,1437634321.515762,1
-1.49829102,1.61230469,-1.26904297,-219.28244019,178.25953675,31.9236641,1437634321.546060,1
-1.91455079,-1.26660157,-1.24829102,-176.83969117,-207.5114441,75.31298066,1437634321.605757,1
-1.54248047,-1.20434571,-1.21411133,-207.93893433,-241.7709961,-234.25953675,1437634321.636022,1
-1.57006836,-1.62622071,-1.65649415,226.01527405,-97.05343628,101.11450196,1437634321.695186,1
-1.13525391,-1.0510254,-1.68896485,177.80152894,-78.35114289,86.30534363,1437634321.725080,1
-0.89916993,-0.83520508,-1.96264649,182.10687256,-71.16030884,81.69465638,1437634321.785929,1
-0.97802735,-0.97607422,-1.60986329,-171.78625489,-114.04579926,161.69465638,1437634321.815900,1
-0.58544922,-0.97094727,-1.04150391,168.5038147,-92.29007721,-224.42747498,1437634321.875481,1
-0.1953125,-0.69042969,-1.96362305,202.42747498,-139.25190735,191.1450348,1437634321.906061,1
-0.72705079,-1.87524415,1.55957032,-234.01527405,-168.42747498,-199.11450196,1437634321.965794,1
-0.98754883,-1.64184571,1.93237305,-160,-163.49618531,-111.81679535,1437634322.024725,1
-1.12988282,-1.29370118,-1.71704102,-154.82443238,243.0076294,-0.00763359,1437634322.055285,1
-0.18920899,-0.00006104,-1.875,-86.44274903,236.25953675,139.89312745,1437634322.086393,1
1.48583985,-1.22924805,-1.39868165,-222.24427796,247.98472596,190.03053284,1437634322.144995,1
1.92114258,-1.52661133,-1.82910157,-249.78625489,248.61068726,185.11450196,1437634322.175738,1
1.88378907,-1.2150879,-1.8815918,-249.61831666,-247.11450196,230.35115052,1437634322.205163,1
-1.75292969,-1.44384766,-1.97387696,247.67938233,-247.92366028,238.93130494,1437634322.265630,1
-1.81591797,-1.12963868,-1.92480469,246.870224,248.51908875,247.81678772,1437634322.295457,1
-1.72045899,-1.11791993,-1.94604493,-219.08396912,-248.91603089,243.35877991,1437634322.356814,1
-1.68261719,-1.07006836,-1.96337891,247.80152894,245.84733582,-246.01527405,1437634322.388276,1
-1.97998047,-1.0744629,-1.9494629,-248.70228577,-248.82443238,242.91603089,1437634322.445363,1
-1.67016602,-1.07885743,-1.94897461,-219.02290345,-250.06106568,237.11450196,1437634322.475408,1
-1.67309571,-1.06616211,-1.94311524,-219.08396912,248.61068726,-244.39694214,1437634322.535513,1
-1.67578125,-1.06738282,-1.96142579,246.42747498,-249.96946717,242.88549805,1437634322.565991,1
-1.67578125,-1.94067383,-1.9428711,249.90840149,-247.98472596,242.93130494,1437634322.625529,1
-1.97875977,-1.05810547,-1.95019532,249.84733582,244.94656373,-247.17556763,1437634322.655384,1
-1.66625977,-1.06079102,-1.95410157,249.92366028,-249.69465638,-238.67175293,1437634322.716791,1
-1.65917969,-1.05541993,-1.95336915,248.65649415,-249.3740387,-218.94656373,1437634322.745339,1
-1.66503907,-1.05957032,-1.94775391,245.83206177,-248.93130494,-239.55725098,1437634322.805000,1
-1.66552735,-1.05273438,-1.95043946,247.64884949,-247.84733582,249.83206177,1437634322.835345,1
-1.68603516,-1.94091797,-1.94726563,245.2671814,243.22137452,-238.6412201,1437634322.865465,1
-1.66796875,-1.03515625,-1.92480469,-219.87786866,237.20610047,-234.18321229,1437634322.927370,1
-1.67749024,-1.06762696,-1.89501954,207.5114441,226.36640931,-179.98472596,1437634322.955201,1
-1.84838868,-1.13891602,-1.95166016,-234.77862549,-220.19847107,-94.39694977,1437634323.015361,1
-1.62744141,-1.19091797,-1.85278321,-195.81678772,209.87786866,-13.52671719,1437634323.045932,1
-1.26025391,-1.02246094,-1.9885254,-184.1374054,162.41221619,-0.00763359,1437634323.105324,1
-0.78320313,-0.16918946,-1.97900391,-182.68702698,115.58778382,-46.717556,1437634323.135476,1
1.87695313,-0.18652344,-1.63354493,-136.01527405,182.83969117,148.73281861,1437634323.195791,1
1.27416993,-0.00006104,-1.0703125,-86.88549805,-180.90075684,127.32824708,1437634323.226080,1
-1.62817383,1.90893555,-1.44653321,-123.28244019,-117.52671814,69.38931275,1437634323.285620,1
-1.36376954,-1.21704102,-1.30249024,-161.5114441,-104.1374054,-234.38168335,1437634323.315393,1
-1.34814454,-1.43334961,-1.57934571,-203.45037842,-101.92366791,26.53435135,1437634323.377934,1
-1.14379883,-1.95703125,-1.48217774,-232.88549805,-87.55725098,72.6412201,1437634323.406127,1
-0.82714844,-1.94335938,-1.21484375,-237.1450348,-39.46564866,124.62595368,1437634323.465810,1
-0.80664063,-1.3503418,-0.91015625,-199.06869507,-0.00763359,-235.60305787,1437634323.495506,1
-0.25024415,-0.63208008,-1.55053711,-171.12977601,-0.00763359,-202.21374512,1437634323.526723,1
-0.83251954,-1.94042969,-1.88964844,228.38168335,-30.53435135,229.28244019,1437634323.585453,1
-0.75463868,-0.76049805,1.73046875,158.24427796,-152.62596131,151.20610047,1437634323.615372,1
-1.92138672,-1.3569336,1.8803711,124.18320466,-233.81678772,179.55725098,1437634323.675520,1
-1.05078125,-1.64184571,-1.80419922,226.54962159,-195.19084168,-248.39694214,1437634323.705490,1
-1.19775391,-1.57885743,-1.57397461,-115.98473359,-84.16793824,-245.69465638,1437634323.765591,1
-1.93652344,-1.56323243,-1.85546875,-114.59542084,-200.71755982,-0.00763359,1437634323.795341,1
-1.15283204,-0.00006104,-1.875,210.5038147,-218.94656373,-0.00763359,1437634323.855537,1
-0.38671875,-0.00006104,1.11987305,-182.5038147,227.86259461,198.74809266,1437634323.885928,1
1.8881836,-0.00006104,-1.78198243,-234.76335145,239.52671814,-211.34350586,1437634323.945612,1
-1.12817383,-0.99902344,-1.99560547,-241.35877991,-248.5038147,-205.83206177,1437634323.975342,1
-1.54492188,-0.8269043,1.96826172,-234.99237061,-241.5114441,-238.45800782,1437634324.035564,1
-1.64282227,-1.0690918,-1.97778321,-241.90840149,247.46565247,249.29771424,1437634324.065994,1
-1.58911133,-0.94824219,-1.99169922,248.33587647,249.54199219,-240.1374054,1437634324.125403,1
-1.65429688,-0.94824219,1.97973633,245.38931275,248.65649415,-249.89312745,1437634324.155929,1
-1.66357422,-1.04858399,-1.98730469,244.70228577,247.96946717,-248.94656373,1437634324.185894,1
-1.67211915,-1.05151368,-1.98022461,247.74046326,245.89312745,-229.28244019,1437634324.246548,1
-1.6682129,-1.05419922,-1.99072266,247.78625489,246.97709656,-244.45800782,1437634324.275426,1
-1.68139649,-0.99609375,-1.99853516,245.58778382,-248.62596131,-243.55725098,1437634324.335931,1
-1.62573243,-1.0925293,-1.97583008,235.70993042,246.21374512,-237.32824708,1437634324.366654,1
-1.66772461,-1.06640625,-1.95898438,240.21374512,247.06869507,-227.0076294,1437634324.425853,1
-1.65991211,-1.05615235,-1.9765625,238.29006959,249.83206177,-234.12213135,1437634324.455645,1
-1.61962891,-1.08813477,-1.97314454,231.54199219,235.43511963,-247.98472596,1437634324.515926,1
-1.61938477,-1.09155274,-1.8972168,234.2748108,225.38931275,-174.83969117,1437634324.575530,1
-1.73291016,-0.96728516,-1.91845704,-229.7709961,211.0076294,-53.49618149,1437634324.605552,1
-1.6838379,-1.11621094,-1.98339844,-202.04580689,201.6335907,-0.00763359,1437634324.635465,1
-1.05957032,-0.95019532,-1.90917969,-213.34350586,164.58015442,-10.51908398,1437634324.695198,1
-1.14208985,-0.94262696,-1.79418946,235.54199219,112.61068726,-0.00763359,1437634324.729057,1
-1.69897461,-0.0300293,-1.7163086,113.84732819,168.96183777,-234.5038147,1437634324.785873,1
-1.77539063,-1.93310547,-1.78857422,239.98472596,239.38931275,54.9923668,1437634324.815452,1
1.99316407,-1.01928711,-0.99072266,-180.54962159,-180.32061768,0.59541983,1437634324.874830,1
-1.64404297,-1.69506836,-1.32958985,236.79389954,-240.74809266,-234.5038147,1437634324.906096,1
-1.37792969,-1.11865235,-1.36914063,149.96946717,-110.7022934,27.14503861,1437634324.935537,1
-0.95483399,-1.21679688,-1.46728516,138.29006959,-80.7022934,70.15267182,1437634324.995634,1
-0.65747071,-0.79223633,-0.8413086,-224.61068726,-0.00763359,115.61832428,1437634325.025184,1
-0.19970704,-1.02490235,-1.68188477,178.70228577,-52.6412201,229.87786866,1437634325.085920,1
-0.56689454,-0.76025391,1.3725586,-219.86259461,-130.04580689,188.85496521,1437634325.115472,1
-0.27587891,-1.73510743,1.27563477,108.88549805,-222.24427796,-220.12213135,1437634325.175442,1
-0.87231446,-1.3347168,-1.75244141,-109.7709961,199.72518921,-202.82443238,1437634325.206945,1
-1.02026368,-1.48901368,1.78613282,-194.12213135,-63.81679535,-148.10687256,1437634325.265455,1
-1.98876954,-0.45751954,-0.62792969,232.06106568,-188.91603089,-0.00763359,1437634325.295458,1
-1.04003907,-0.52783204,-1.86987305,-119.75572205,160.79389954,-0.00763359,1437634325.356286,1
-0.00006104,-0.7578125,1.36767579,-205.31297303,242.51908875,-61.08396912,1437634325.385549,1
-0.93823243,-0.20214844,1.86889649,171.31297303,236.59541321,-155.02290345,1437634325.445966,1
-1.44799805,-0.00006104,1.48266602,-246.97709656,248.94656373,-194.21374512,1437634325.475619,1
-1.96069336,-0.74389649,-1.89770508,-237.16030884,249.05343628,-248.48855591,1437634325.535891,1
-1.69213868,-1.13720704,-1.92016602,247.5114441,-243.55725098,225.70993042,1437634325.565471,1
-1.8737793,-1.14794922,-1.98608399,247.55725098,-249.5114441,235.32824708,1437634325.596144,1
-1.77734375,-1.2307129,-1.91625977,-248.74809266,-247.87786866,245.69465638,1437634325.655286,1
-1.75610352,-1.17993165,-1.9963379,245.61831666,-246.36640931,241.22137452,1437634325.685149,1
-1.7541504,-1.10327149,-1.9338379,249.09924317,-247.6335907,249.69465638,1437634325.745712,1
-1.72094727,-1.12060547,-1.95336915,246.01527405,-249.96946717,247.92366028,1437634325.775400,1
-1.72094727,-1.08300782,-1.95996094,241.32824708,245.23664856,-243.41984559,1437634325.835770,1
-1.97973633,-1.07934571,-1.95117188,246.18321229,249.80152894,-239.58778382,1437634325.865645,1
-1.68969727,-1.06347657,-1.92456055,244.04580689,247.95419312,-229.75572205,1437634325.925964,1
-1.67651368,-1.0756836,-1.95898438,-219.69465638,244.16793824,-226.15266419,1437634325.955424,1
-1.76025391,-1.03344727,-1.95776368,245.90840149,236,-162.70228577,1437634326.016108,1
-1.7019043,-1.07348633,-1.87695313,218.5038147,213.46565247,-83.19084168,1437634326.046166,1
-1.9050293,-0.97924805,-1.77294922,-203.2671814,197.05343628,-0.00763359,1437634326.105755,1
-1.6538086,-1.07373047,-1.98925782,-230.94656373,185.54199219,-0.00763359,1437634326.136310,1
-0.37646485,-0.00006104,-1.62573243,211.23664856,-226.47328187,-0.00763359,1437634326.195281,1
-0.80444336,-0.00006104,1.89892579,184.80915833,-233.43511963,-234.5038147,1437634326.226065,1
0.68261719,-0.00006104,-1.62060547,146.82443238,133.95419312,36.96183396,1437634326.255767,1
1.88891602,-0.78247071,-0.74047852,-228.90075684,-207.0076294,3.69465638,1437634326.316003,1
-1.56030274,-1.92285157,-1.2878418,245.3740387,-39.75572587,-234.5038147,1437634326.345563,1
-1.58032227,-1.25610352,-1.56494141,210.77862549,-68.93129731,13.34351159,1437634326.406394,1
-0.74340821,-1.18847657,-1.75756836,135.34350586,-121.19084168,-234.5038147,1437634326.435668,1
-0.50903321,-0.27832032,-1.42333985,133.81678772,-93.2061081,40.53435135,1437634326.496360,1
-1.37182618,-0.72241211,1.95874024,222.6412201,-195.86259461,154.18321229,1437634326.525558,1
-0.00006104,1.42944336,0.76904297,160.94656373,-204.07633973,193.64884949,1437634326.585878,1
-0.5588379,-1.51953125,1.61987305,-186.10687256,-245.78625489,-185.92366028,1437634326.615603,1
-0.8256836,-1.49853516,-1.94189454,151.83206177,-235.90840149,-0.00763359,1437634326.675766,1
-0.00006104,-1.66308594,-1.97119141,-183.72518921,174.44274903,-29.38931275,1437634326.705947,1
-0.90771485,-0.1682129,-1.82714844,-247.05343628,249.61831666,-243.46565247,1437634326.765602,1
-1.23291016,-0.22119141,1.9440918,-235.5114441,245.70993042,-195.09924317,1437634326.795714,1
-1.72363282,-0.55200196,1.8100586,246.10687256,247.87786866,-208.33587647,1437634326.855462,1
-1.48291016,-0.96118165,1.95776368,-247.20610047,-243.84733582,-229.46565247,1437634326.885592,1
-1.6003418,-1.93701172,-1.91748047,249.11450196,-248.51908875,243.5114441,1437634326.915631,1
-1.77050782,-0.99365235,-1.98828125,248.44274903,248.93130494,246.59541321,1437634326.975600,1
-1.77124024,-1.1369629,-1.99560547,-244.5038147,-248.65649415,-219.19084168,1437634327.005672,1
-1.70214844,-1.11303711,-1.96459961,-248.56488038,-245.1450348,244.01527405,1437634327.095739,1
-1.71972657,-1.08300782,-1.96264649,248.79389954,246.1374054,-219.48091126,1437634327.125363,1
-1.6953125,-1.06152344,-1.97241211,-248.29006959,-248.35115052,-249.3740387,1437634327.155491,1
-1.69360352,-1.07055665,-1.9609375,-248.97709656,247.06869507,-247.3740387,1437634327.185727,1
-1.68432618,-1.05786133,-1.97753907,247.90840149,247.86259461,-247.55725098,1437634327.245949,1
-1.70043946,-1.02026368,-1.96411133,236.70228577,243.86259461,-229.16030884,1437634327.275613,1
-1.69311524,-1.09057618,-1.92895508,217.49618531,227.58778382,-177.64884949,1437634327.335888,1
-1.86035157,-1.12890625,-1.89526368,221.03816224,212.39694214,-47.05343628,1437634327.366305,1
-1.8515625,-1.21997071,-1.86254883,-231.49618531,177.09924317,-0.00763359,1437634327.425903,1
-0.95922852,-0.6994629,-1.82324219,-226.74809266,144.1374054,-0.00763359,1437634327.455822,1
-1.2463379,-0.88452149,-1.8515625,152.10687256,76.62595368,-226.93130494,1437634327.515921,1
-0.00006104,-0.00006104,-1.00024415,134.65649415,47.17557145,-234.5038147,1437634327.545857,1
1.29589844,-1.31640625,-0.99389649,-246.29006959,147.0076294,82.79389191,1437634327.575732,1
-1.70019532,-1.69140625,-1.26000977,194.870224,-245.09924317,9.02290059,1437634327.635728,1
1.93017579,-1.5222168,-1.32983399,185.0076294,-0.00763359,124.99236298,1437634327.665811,1
-1.40136719,-1.25708008,-1.43847657,183.6335907,-0.00763359,127.32824708,1437634327.755859,1
-0.64770508,-0.64941407,1.75195313,120.41221619,-150.10687256,25.03816796,1437634327.785388,1
-1.10205079,-0.43115235,1.88793946,112.39694977,-191.90840149,37.80152512,1437634327.815952,1
-0.85351563,-0.48510743,-1.53564454,227.60305787,-140.74809266,174.42747498,1437634327.845835,1
-0.12182618,-1.38012696,1.62011719,209.60305787,-132.06106568,-222,1437634327.905868,1
-0.2253418,-1.5979004,0.64990235,-148.38168335,-249.31297303,-212.04580689,1437634327.935761,1
-0.46533204,-1.82470704,1.17382813,71.26717377,228.79389954,-0.00763359,1437634327.995592,1
-0.10986329,-1.33837891,-1.75878907,-39.67938996,-221.3740387,-217.64884949,1437634328.025968,1
0.36328125,-1.14868165,-1.25439454,-170.1374054,244.1374054,143.43511963,1437634328.085866,1
1.77246094,-1.75097657,1.63403321,241.95419312,249.70993042,-241.16030884,1437634328.115925,1
-1.58374024,-1.07617188,-1.87573243,-247.81678772,247.28244019,-232.39694214,1437634328.175343,1
-1.67285157,-0.99267579,1.99804688,249.74046326,247.25190735,-240.59541321,1437634328.205894,1
-1.69824219,-0.99536133,-1.94580079,-246.53434754,248.65649415,-235.35877991,1437634328.235716,1
-1.65014649,-1.02441407,-1.97241211,-241.7709961,247.2671814,-219.31297303,1437634328.295912,1
-1.6994629,-1.01464844,-1.9584961,-244.01527405,247.05343628,249.35877991,1437634328.325694,1
-1.68457032,-1.04589844,-1.96557618,-249.52671814,-249.38931275,-249.52671814,1437634328.385740,1
-1.69360352,-1.04052735,-1.96362305,250.07633973,-219.03816224,246.51908875,1437634328.415316,1
-1.69702149,-1.04858399,-1.97558594,-248.67175293,249.93893433,-250.09159852,1437634328.476101,1
-1.70996094,-1.03857422,-1.98046875,244.15266419,244.56488038,-241.46565247,1437634328.505634,1
-1.69799805,-1.03271485,-1.9963379,243.28244019,246.71755982,-235.19084168,1437634328.566010,1
-1.62573243,-1.07910157,-1.92041016,240.03053284,241.92366028,-237.45037842,1437634328.595754,1
-1.61621094,-1.0300293,-1.89306641,171.0076294,205.60305787,-184.80915833,1437634328.656722,1
1.5666504,-0.59741211,-1.86621094,-195.6335907,198.90075684,-0.00763359,1437634328.685802,1
-1.61108399,-1.21606446,1.97729493,-165.58778382,167.96946717,-0.00763359,1437634328.746168,1
-0.47070313,-0.69580079,1.50244141,-220.1374054,107.90839386,-0.00763359,1437634328.775940,1
-1.0913086,-0.26171875,-1.78759766,-82.67175293,6.61068726,-27.12977028,1437634328.835475,1
-0.94702149,-0.00006104,-1.67797852,169.0076294,199.57252503,58.12213898,1437634328.865823,1
-1.75585938,1.96044922,-1.95874024,-220.6412201,245.45037842,46.87022782,1437634328.896315,1
-1.9663086,-0.88427735,-1.76245118,199.48091126,-225.46565247,7.5877862,1437634328.956231,1
-1.67578125,-1.50878907,1.93212891,120.94656373,-211.09924317,24.5648861,1437634328.985749,1
-1.69775391,-1.39331055,-1.86499024,28.96183205,-136.06106568,113.84732819,1437634329.045908,1
-0.99047852,-0.01586915,1.99829102,97.435112,-155.74046326,45.83206177,1437634329.075955,1
-0.76342774,-0.17285157,1.43920899,231.41984559,-227.60305787,93.74045563,1437634329.136223,1
-0.09643555,-1.96582032,1.57299805,105.41984559,-232.15266419,152.35115052,1437634329.165640,1
-0.66430665,-1.05200196,1.33837891,-211.61831666,-221.45037842,214.12213135,1437634329.225964,1
-0.78320313,-1.85302735,1.44897461,-116.80915833,-217.0076294,-176.24427796,1437634329.255710,1
1.94702149,-1.96997071,1.93530274,223.57252503,-219.58778382,-0.00763359,1437634329.315653,1
-0.52490235,-1.32226563,0.85058594,-208.54962159,219.17556763,-72.15267182,1437634329.345742,1
-0.00006104,-0.01147461,-1.87402344,-183.45037842,230.09159852,-107.72518921,1437634329.405875,1
-1.19873047,-0.73925782,1.90209961,-174.5038147,-242.10687256,-243.3740387,1437634329.436069,1
-1.41088868,-0.80908204,-1.90039063,-230.90075684,-248.70228577,-248.47328187,1437634329.495286,1
-1.70825196,-0.97485352,-1.83154297,-245.87786866,248.80915833,-239.05343628,1437634329.525841,1
-1.6225586,-1.11889649,1.98803711,248.79389954,-247.1450348,-245.90840149,1437634329.555599,1
-1.6772461,-1.03369141,-1.98681641,249.98472596,245.6335907,-244.30534363,1437634329.615623,1
-1.66479493,-1.05126954,-1.95776368,-248.58015442,246.19847107,249.80152894,1437634329.646465,1
-1.66992188,-1.05004883,-1.97436524,-249.48091126,246.870224,-249.60305787,1437634329.705532,1
-1.66650391,-1.05004883,-1.96606446,244.73281861,-248.82443238,244.79389954,1437634329.735554,1
-1.67993165,-1.05517579,-1.96166993,248.12213135,245.12977601,-241.46565247,1437634329.795569,1
-1.66528321,-1.05297852,-1.9729004,246.38168335,-247.38931275,-241.86259461,1437634329.825757,1
-1.67675782,-1.05786133,-1.97192383,246.870224,247.98472596,249.55725098,1437634329.885524,1
-1.66186524,-1.08203125,-1.96484375,237.16030884,247.78625489,-235.66412354,1437634329.915628,1
-1.65161133,-1.0703125,-1.9584961,224.06106568,240.90075684,-233.64884949,1437634329.977081,1
-1.6616211,-1.05078125,-1.94799805,218.25953675,225.6335907,-164.73281861,1437634330.005819,1
-1.78491211,-1.14648438,-1.92553711,195.1450348,221.22137452,-75.89312745,1437634330.065844,1
-1.6447754,-1.34692383,-1.99267579,216,198.30534363,-0.00763359,1437634330.095771,1
-1.25561524,-0.81835938,-1.91723633,155.81678772,238.06106568,-0.00763359,1437634330.156460,1
-0.64453125,-0.32983399,-1.96118165,14.6717558,120.04579926,-8.56488514,1437634330.186424,1
-1.83276368,-0.55078125,-1.05786133,-199.60305787,45.08396912,-234.5038147,1437634330.215587,1
-1.31616211,-1.3713379,-1.16430665,245.05343628,116.25954438,-234.5038147,1437634330.275963,1
-1.95019532,-1.04858399,-0.7084961,-243.09924317,-233.90840149,-234.5038147,1437634330.336628,1
-1.7644043,-1.85131836,-1.39941407,217.86259461,-136.61068726,-234.5038147,1437634330.365926,1
-1.4494629,-1.48559571,-1.7397461,98.45801545,-141.19084168,35.51145173,1437634330.395609,1
-1.2541504,-1.92285157,-1.67041016,103.7099228,-58.10686875,45.35877991,1437634330.455724,1
-0.60400391,-0.13305665,-1.64208985,121.03816987,-102.97709656,29.14503861,1437634330.485739,1
-0.00006104,-0.00006104,-1.11499024,-241.67938233,-243.20610047,144.93130494,1437634330.545585,1
-0.00006104,1.44726563,0.69653321,-219.29771424,-189.70993042,-239.16030884,1437634330.576838,1
-0.45434571,-1.79467774,1.42895508,-143.08396912,-195.02290345,-183.72518921,1437634330.635935,1
0.83642579,-0.83691407,1.1459961,228.03053284,204.42747498,-112.22900391,1437634330.667079,1
-1.74511719,-1.92382813,-1.2866211,-73.31298066,224.67175293,87.60305024,1437634330.756665,1
1.25878907,1.37036133,1.81152344,-203.35877991,245.75572205,196.88549805,1437634330.785763,1
-1.86230469,-1.05737305,-1.91674805,-238.42747498,242.44274903,239.29771424,1437634330.815701,1
-1.60180665,-1.34838868,1.95605469,-246.91603089,-248.73281861,-248.68702698,1437634330.845846,1
-1.78198243,-0.86743165,1.85546875,244.54962159,-248.19847107,239.80152894,1437634330.905420,1
-1.77270508,-0.93798829,-1.97729493,-243.12977601,246.01527405,-249.29771424,1437634330.935739,1
-1.67797852,-1.13378907,-1.93530274,-249.93893433,-247.66412354,-247.75572205,1437634330.966425,1
-1.72241211,-1.05615235,-1.96533204,-248.76335145,248.74809266,243.84733582,1437634331.025752,1
-1.70336915,-1.08691407,-1.97314454,248.58015442,248.03053284,250.06106568,1437634331.055591,1
-1.68994141,-1.06152344,-1.96923829,245.02290345,-243.66412354,-238.54962159,1437634331.115784,1
-1.68481446,-1.06494141,-1.97216797,-248.90075684,243.11450196,-247.64884949,1437634331.146813,1
-1.67285157,-1.04882813,-1.97045899,246.01527405,248.35115052,-246.36640931,1437634331.205737,1
-1.67993165,-1.07299805,1.98828125,228.80915833,243.83206177,-236.01527405,1437634331.235605,1
-1.67285157,-1.08300782,-1.96020508,197.95419312,-220.47328187,-217.93893433,1437634331.296858,1
-1.8256836,-0.97509766,-1.81323243,-219.86259461,206.96183777,-29.87786294,1437634331.326506,1
-1.80761719,-0.69091797,-1.54028321,-211.60305787,153.70993042,-0.00763359,1437634331.385764,1
-1.08422852,-0.65454102,-1.90649415,-211.64884949,135.46565247,-0.00763359,1437634331.416017,1
-0.91430665,-0.67993165,-1.63793946,236.16793824,71.35877991,-77.74045563,1437634331.475059,1
-0.69726563,-1.24243165,-1.3359375,30.53435135,126.53434754,53.83206177,1437634331.505509,1
1.27416993,-1.22045899,-0.77075196,-217.58778382,247.66412354,-226.93130494,1437634331.537335,1
-1.79418946,-1.18530274,-1.13671875,-241.57252503,-116.67175293,-233.64884949,1437634331.625955,1
-1.73046875,-1.41137696,-1.92504883,176.29006959,-151.64884949,-234.5038147,1437634331.655663,1
-1.51733399,-1.09423829,-1.99902344,99.83206177,-127.67938996,74.62595368,1437634331.686091,1
-1.30712891,-0.58447266,-1.95385743,106.32061005,-93.64885712,-233.35877991,1437634331.715637,1
-0.6015625,-0.19848633,-1.92333985,122.56488801,-116.06106568,31.00763321,1437634331.775848,1
-1.8972168,-0.77075196,-1.51611329,185.06869507,-175.4045868,130.35115052,1437634331.807576,1
-0.0354004,1.45800782,0.90063477,204.1374054,-225.3740387,-240.80915833,1437634331.865737,1
-0.5354004,-1.7229004,1.79394532,-137.69465638,-184.88549805,-160.42747498,1437634331.895650,1
-1.98876954,-1.17309571,-1.78344727,-247.0076294,216.21374512,-0.00763359,1437634331.956061,1
-0.74609375,-0.88256836,-1.875,-167.3740387,220.39694214,-48.39694596,1437634331.986761,1
-0.00006104,-0.6291504,1.34960938,-198.77862549,-221.02290345,-196.870224,1437634332.046144,1
-1.62207032,-0.74145508,-1.96557618,-241.98472596,-244.74809266,-212.62596131,1437634332.076253,1
-1.6694336,-0.95043946,-1.78149415,239.58778382,245.41984559,-209.81678772,1437634332.134971,1
-1.96459961,-1.1135254,1.9885254,243.22137452,250.07633973,-218.62596131,1437634332.166007,1
-1.60131836,-0.89672852,-1.97705079,249.46565247,-249.55725098,-230.82443238,1437634332.195675,1
-1.61157227,-0.9897461,-1.98583985,-249.29771424,-249.96946717,-244.06106568,1437634332.256203,1
-1.62573243,-1.03173829,-1.96704102,-219.17556763,-246.76335145,-236.74809266,1437634332.286081,1
-1.67089844,-1.0432129,-1.96655274,-249.61831666,247.87786866,-249.66412354,1437634332.346015,1
-1.65893555,-1.04833985,-1.96533204,246.77862549,-246.97709656,-244,1437634332.375800,1
-1.65966797,-1.04980469,-1.9572754,248.77862549,246.76335145,-239.78625489,1437634332.435536,1
-1.6550293,-1.04736329,-1.96459961,238.85496521,-219.09924317,-239.74046326,1437634332.467130,1
-1.64526368,-1.05957032,-1.95361329,229.02290345,247.4045868,-229.32824708,1437634332.526254,1
-1.65209961,-1.06835938,-1.93408204,204.45800782,229.95419312,-197.58778382,1437634332.555699,1
-1.76416016,-1.03979493,-1.92895508,210.5038147,216.01527405,-73.54198456,1437634332.616021,1
-1.87109375,-1.17041016,-1.92236329,-231.74046326,183.0076294,-0.00763359,1437634332.647395,1
-1.38452149,-1.93701172,-1.86279297,217.1450348,157.95419312,-0.00763359,1437634332.736103,1
-0.92822266,-0.40112305,-1.64379883,170.33587647,96.97709656,-27.12977028,1437634332.765698,1
-1.1459961,-0.00006104,-0.00006104,154.19847107,35.51145173,65.19084168,1437634332.794967,1
-1.87792969,-0.85400391,-0.5534668,204.09159852,178.01527405,84.15267182,1437634332.826028,1
-1.94360352,-1.38842774,-0.74902344,-200.38168335,-108.82442475,18.8549614,1437634332.855689,1
-1.48144532,-1.55615235,-1.71362305,153.70993042,-155.31297303,19.84732819,1437634332.916122,1
-1.56323243,-1.95629883,-1.91088868,82.90076447,-98.93129731,69.03816987,1437634332.946620,1
-1.93774415,-0.53466797,-1.48999024,121.90839386,-94.2748108,27.12977028,1437634333.005869,1
-0.6953125,-0.26733399,1.82250977,120.30534363,-143.08396912,11.55725194,1437634333.036206,1
-0.8010254,-0.1916504,1.68041993,122.38167573,-155.05343628,96.93129731,1437634333.095755,1
-1.89404297,-1.38720704,-1.7890625,211.41984559,-176.21374512,237.17556763,1437634333.126349,1
-0.22827149,-1.68261719,1.28491211,-124.67175293,-200.42747498,-147.57252503,1437634333.185758,1
1.1147461,-1.40454102,1.54125977,-241.83206177,202.01527405,-0.00763359,1437634333.215699,1
-0.69433594,-0.62841797,1.65771485,-207.78625489,231.70993042,-79.89312745,1437634333.306131,1
-1.4494629,-0.58178711,-1.92944336,-92.93129731,243.70993042,-141.34350586,1437634333.335321,1
-1.26367188,-0.00006104,-1.55200196,242.10687256,244.79389954,-233.1450348,1437634333.365847,1
-1.53466797,-1.23022461,-1.9663086,-237.34350586,-245.09924317,-249.66412354,1437634333.395714,1
-1.72583008,-0.99316407,-1.99438477,249.0076294,-247.69465638,-249.1450348,1437634333.455938,1
-1.75805665,-0.97509766,-1.98657227,247.32824708,-248.85496521,249.87786866,1437634333.485926,1
-1.97924805,-1.10424805,-1.97583008,-249.29771424,-247.3740387,-247.60305787,1437634333.515751,1
-1.71533204,-1.08203125,-1.95678711,248.33587647,-245.58778382,242.96183777,1437634333.575904,1
-1.69921875,-1.06689454,-1.96728516,248.97709656,249.84733582,247.34350586,1437634333.605689,1
-1.67993165,-1.08105469,-1.9494629,-248.35115052,-219.2671814,-245.11450196,1437634333.665661,1
-1.68237305,-1.06884766,-1.95581055,244.6412201,-247.05343628,-238.6412201,1437634333.695754,1
-1.97705079,-1.02539063,-1.97680665,245.0076294,246.03053284,-237.32824708,1437634333.756042,1
-1.67285157,-1.10498047,-1.9609375,242.48855591,248.1374054,-235.93893433,1437634333.787410,1
-1.65747071,-1.04907227,-1.96948243,-220.90075684,235.52671814,-217.23664856,1437634333.845882,1
-1.65014649,-1.0834961,-1.91894532,201.70993042,223.3740387,-187.87786866,1437634333.875779,1
-1.95751954,-0.9663086,-1.87939454,239.38931275,201.12977601,-237.3740387,1437634333.936550,1
1.94702149,-0.99829102,-1.96215821,-222.22900391,176.93130494,-0.00763359,1437634333.966106,1
-0.75122071,-0.57861329,-1.87207032,243.84733582,147.46565247,-0.00763359,1437634334.026071,1
-1.19726563,-0.96289063,-1.61254883,180.33587647,69.95420075,-108.58015442,1437634334.055749,1
-1.65112305,1.57006836,1.49707032,22.39694596,122.99236298,68.74809266,1437634334.116253,1
1.82641602,-1.20117188,-0.77001954,-246.56488038,170.19847107,87.67938996,1437634334.146238,1
-1.76269532,-1.58129883,-1.13867188,233.57252503,-111.09923554,10.94656468,1437634334.176560,1
-1.6069336,-1.35058594,-1.60351563,203.46565247,-119.7709961,-233.74046326,1437634334.236626,1
-1.30688477,-0.98486329,1.86767579,126.97709656,-144.2748108,7.09923649,1437634334.265571,1
-1.48657227,-1.05029297,1.90747071,100.54962159,-117.66412354,29.89312935,1437634334.326426,1
-0.68530274,-0.29760743,-1.8569336,126.0763321,-124.10687256,31.09923745,1437634334.355762,1
-0.6159668,-0.69897461,-1.8491211,214.42747498,-107.74045563,81.41984559,1437634334.415713,1
-0.15014649,1.73632813,0.61962891,-249.61831666,-205.87786866,235.49618531,1437634334.446892,1
-0.43432618,-1.5859375,1.19799805,-141.66412354,210.80915833,-245.4045868,1437634334.505928,1
0.90307618,-1.85278321,1.83642579,200.29006959,229.92366028,-0.00763359,1437634334.536054,1
-0.03247071,-0.97509766,1.12988282,-168.32061768,218.41221619,-26.77862549,1437634334.595856,1
-0.12353516,-0.86694336,-1.6237793,-171.38931275,235.31297303,-176.6412201,1437634334.625900,1
-1.93969727,-1.13134766,1.82983399,248.77862549,245.12977601,246.94656373,1437634334.686115,1
-1.73583985,-1.00390625,1.9284668,-249.43511963,249.02290345,-221.48091126,1437634334.715758,1
-1.58642579,-0.9963379,-1.90161133,249.93893433,-246.38168335,-234.56488038,1437634334.776989,1
-1.61279297,-0.93847657,-1.96337891,-247.74046326,247.95419312,-233.95419312,1437634334.806341,1
-1.64990235,-0.98266602,-1.94677735,-248.39694214,248.96183777,-243.16030884,1437634334.836190,1
-1.65087891,-1.05957032,-1.94970704,249.69465638,-241.05343628,-249.60305787,1437634334.895868,1
-1.67431641,-1.00317383,-1.94458008,-218.90075684,-249.81678772,-241.83206177,1437634334.925533,1
-1.68188477,-1.05639649,-1.95019532,-219.09924317,-245.20610047,-245.61831666,1437634334.986111,1
-1.72460938,-1.09106446,-1.95410157,245.19084168,-247.16030884,240.70228577,1437634335.015791,1
-1.72460938,-1.0913086,-1.95214844,248.93130494,248.51908875,-241.3740387,1437634335.075891,1
-1.67895508,-1.07177735,-1.9362793,245.96946717,-245.38931275,249.12977601,1437634335.106254,1
-1.68090821,-1.04882813,-1.94262696,242.6412201,243.54199219,-230.85496521,1437634335.165891,1
-1.60400391,-1.07885743,-1.89868165,232.15266419,234.04580689,-229.09924317,1437634335.195829,1
-1.69775391,-1.00292969,-1.87597657,205.16030884,202.99237061,-104.73282624,1437634335.256326,1
-1.75024415,-1.9296875,-1.84765625,-183.92366028,182.70228577,-0.00763359,1437634335.285717,1
-1.5666504,-1.2331543,-1.97802735,-175.60305787,174.73281861,-0.00763359,1437634335.346283,1
-0.76269532,-0.28759766,-1.55175782,213.87786866,-229.20610047,-0.00763359,1437634335.375803,1
-1.86743165,-0.00006104,1.99145508,196.96183777,75.46565247,-234.5038147,1437634335.436279,1
-1.42456055,1.69238282,-1.29418946,227.16030884,190.15266419,80.54962159,1437634335.466947,1
1.95898438,-0.82592774,-0.91796875,-183.1450348,-157.16030884,13.22137452,1437634335.496402,1
-1.8322754,-1.54882813,-1.64379883,208.82443238,-111.0687027,9.51145077,1437634335.555776,1
-1.53686524,-1.25756836,-1.79077149,183.19084168,-129.12977601,46.62595368,1437634335.585572,1
-1.34228516,-1.10229493,-1.98022461,132.2748108,-72.42748261,58.94656373,1437634335.645959,1
-0.69433594,-0.48730469,-1.5456543,159.46565247,-118.99236298,59.19083787,1437634335.675775,1
-0.64160157,-0.95361329,1.8400879,160.1374054,-184.33587647,124.97709656,1437634335.735895,1
-0.00006104,-0.96533204,1.28100586,165.98472596,222.91603089,112.51908112,1437634335.767084,1
-0.5522461,-1.96044922,1.12451172,-179.58778382,221.78625489,243.83206177,1437634335.825852,1
-1.10302735,-1.97802735,-1.76757813,-76.47328187,-220.22900391,243.64884949,1437634335.886152,1
0.24389649,-1.19360352,0.3347168,-196.30534363,224.18321229,-66.32061005,1437634335.915874,1
-0.69140625,-0.31616211,-1.1706543,-147.48091126,235.83206177,-129.09924317,1437634335.945963,1
-1.29003907,-0.49682618,-1.79272461,-222.870224,237.4045868,-200.16793824,1437634336.006603,1
-1.45532227,-0.44042969,-1.94238282,-238.83969117,-247.96946717,-247.52671814,1437634336.035814,1
-1.96655274,-1.19726563,-1.87817383,243.09924317,-248.21374512,-234.19847107,1437634336.096277,1
-1.67407227,-1.03198243,-1.96948243,247.95419312,-248.94656373,249.45037842,1437634336.125775,1
-1.7175293,-1.04077149,-1.96435547,-248.58015442,249.3740387,-246.91603089,1437634336.185626,1
-1.98144532,-1.9428711,-1.92651368,-249.93893433,249.6335907,-246.47328187,1437634336.216102,1
-1.7109375,-1.08715821,-1.96777344,248.47328187,248.42747498,-249.90840149,1437634336.245636,1
-1.71972657,-1.09155274,-1.94189454,-247.89312745,-247.46565247,-243.19084168,1437634336.305870,1
-1.69628907,-1.07836915,-1.97314454,246.42747498,-248.96183777,244.77862549,1437634336.335912,1
-1.7109375,-1.08666993,-1.95385743,247.58778382,248.12213135,247.23664856,1437634336.396229,1
-1.67333985,-1.06884766,-1.94555665,240.18321229,-246.09159852,-239.4045868,1437634336.425962,1
-1.68847657,-1.05981446,-1.95532227,228.77862549,242.90075684,-233.64884949,1437634336.486042,1
-1.66503907,-1.08178711,-1.95092774,222.36640931,238.15266419,-208.25953675,1437634336.515853,1
-1.75927735,-0.93457032,-1.93994141,185.08396912,204.70228577,-87.02290345,1437634336.575998,1
-1.92431641,-1.16333008,-1.96655274,193.90840149,160.94656373,-0.00763359,1437634336.605689,1
-1.47021485,-0.99194336,-1.95996094,132.6412201,185.41984559,-0.00763359,1437634336.666129,1
-0.34741211,-0.36523438,-1.51074219,-234.5038147,87.28244019,-7.90839673,1437634336.695782,1
1.26391602,-0.00006104,-0.90161133,-164.21374512,-234.5038147,58.94656373,1437634336.786155,1
-1.19384766,-1.33203125,-1.32641602,222.24427796,82.35114289,-233.0076294,1437634336.815891,1
-1.98291016,-1.48046875,-1.07910157,-234.59541321,-225.83206177,-234.5038147,1437634336.845520,1
1.92749024,-1.46606446,-1.25805665,208.71755982,-137.32824708,-234.5038147,1437634336.876114,1
-1.58740235,-1.29199219,1.88452149,114.73282624,-131.69465638,54.01526642,1437634336.905708,1
-1.96704102,-0.91088868,1.97631836,121.28244019,-67.29770661,57.32824326,1437634336.967196,1
-0.50952149,-0.08251954,-1.76855469,179.72518921,-73.83206177,41.83206177,1437634336.996159,1
-0.00006104,-0.00006104,-1.24731446,189.96946717,-101.78626252,190.71755982,1437634337.055790,1
-0.16894532,1.8359375,0.78222657,-215.6335907,-184.70228577,238.30534363,1437634337.086749,1
-0.38842774,1.97998047,1.42016602,-150.01527405,220.44274903,-90.80915833,1437634337.145848,1
-1.91845704,-0.20141602,0.73388672,-178.70228577,224.36640931,-1.09923661,1437634337.175826,1
-0.00006104,-0.00006104,-1.58300782,-201.93893433,235.09924317,-100.94656373,1437634337.235989,1
-1.63745118,-0.71777344,-1.89892579,-241.93893433,249.61831666,-206.88549805,1437634337.265911,1
-1.46606446,-0.38745118,-1.93115235,-240.22900391,249.43511963,-196.82443238,1437634337.326010,1
-1.40161133,-0.8647461,-1.98779297,-249.02290345,247.86259461,-209.98472596,1437634337.355866,1
-1.50927735,-0.9206543,1.96728516,248.67175293,247.2671814,-236.53434754,1437634337.416081,1
-1.6081543,-1.93432618,-1.98461915,245.5114441,-246.47328187,-236.74809266,1437634337.446636,1
-1.62304688,-1.00927735,-1.99804688,-219.1450348,-248.32061768,-249.08396912,1437634337.505187,1
-1.65136719,-1.03344727,-1.95898438,248.83969117,-246.70228577,-247.60305787,1437634337.536025,1
-1.68359375,-1.0600586,-1.9506836,-219.06869507,242.44274903,249.95419312,1437634337.565674,1
-1.97753907,-1.06762696,-1.9494629,-219.31297303,248.83969117,-247.20610047,1437634337.626214,1
-1.63549805,-1.02612305,-1.9506836,241.5114441,-219.32824708,-249.72518921,1437634337.655857,1
-1.67651368,-1.94042969,-1.95361329,227.98472596,240,-223.34350586,1437634337.716178,1
-1.68164063,-1.07910157,-1.90844727,218.09159852,230.85496521,-172.90075684,1437634337.746606,1
-1.8088379,-1.15527344,-1.8413086,247.81678772,206.73281861,-59.00763321,1437634337.805989,1
-1.77832032,-1.16918946,-1.59814454,-200.19847107,167.19084168,-0.00763359,1437634337.835806,1
-0.89086915,-1.09594727,-1.9819336,-238.59541321,146.44274903,-0.00763359,1437634337.895824,1
-0.96337891,-0.73217774,-1.79589844,225.74046326,108.42748261,-72.88549805,1437634337.927087,1
-0.69506836,-1.87597657,-0.93139649,58.8549614,104.45801545,41.77099228,1437634337.985991,1
1.66503907,-1.11401368,-1.14868165,184.65649415,207.06869507,100.71755982,1437634338.015870,1
-1.59521485,-1.22949219,-0.68872071,-212.10687256,-71.22137452,-234.5038147,1437634338.076023,1
-1.9753418,-1.42016602,-1.53735352,-247.11450196,-27.00763321,4.79389334,1437634338.107293,1
-1.34594727,-1.31689454,-1.91088868,171.54199219,-82.88549805,55.72518921,1437634338.165607,1
-0.9819336,-0.5209961,-1.94311524,166.2748108,-100.25954438,1.9236641,1437634338.196394,1
-0.49609375,-0.37866211,1.94921875,166.85496521,-241.72518921,-234.5038147,1437634338.225684,1
-0.00006104,-0.88134766,1.97949219,-229.90840149,-205.3740387,114.99236298,1437634338.286314,1
-0.15478516,-1.39379883,1.10180665,-172.5038147,227.72518921,233.80152894,1437634338.315862,1
-0.44555665,1.90551758,-1.81152344,-100.42748261,-249.22137452,230.06106568,1437634338.376508,1
0.49951172,-1.06982422,1.16137696,-247.19084168,237.89312745,-94.97709656,1437634338.406717,1
-1.68310547,-0.84448243,1.77246094,-102.12213898,247.58778382,234.74809266,1437634338.466291,1
-1.73510743,-1.08569336,1.66528321,247.58778382,244.85496521,181.61831666,1437634338.495976,1
-1.90795899,-1.72875977,-1.80639649,-249.22137452,-246.56488038,190.56488038,1437634338.585971,1
-1.96313477,-1.95825196,-1.82543946,248.33587647,-245.19084168,201.90840149,1437634338.615680,1
-1.99365235,-1.23828125,-1.90942383,-249.12977601,-247.93893433,220.1374054,1437634338.646181,1
-1.98510743,-1.2487793,-1.9116211,248.33587647,-243.28244019,233.12977601,1437634338.677657,1
-1.98461915,-1.14746094,-1.93041993,-249.7709961,-242.88549805,247.81678772,1437634338.736399,1
-1.73754883,-1.08105469,-1.93139649,-249.93893433,-250,249.28244019,1437634338.766734,1
-1.71582032,-1.94311524,-1.92675782,248.97709656,-240.62596131,248.73281861,1437634338.825937,1
-1.7019043,-0.98046875,-1.80859375,244.80915833,-245.61831666,-230.39694214,1437634338.855903,1
-1.45898438,-1.42553711,-1.86621094,246.82443238,-245.32824708,-247.87786866,1437634338.915341,1
-1.7854004,-1.05664063,-1.9572754,-219.61831666,-247.72518921,232.77862549,1437634338.946011,1
-1.69189454,-1.07519532,-1.95117188,236.94656373,-248.51908875,-231.66412354,1437634338.976755,1
-1.73486329,-1.07397461,-1.91894532,233.75572205,245.03816224,-216,1437634339.036185,1
-1.70043946,-1.01098633,-1.98901368,213.87786866,219.34350586,-132.59541321,1437634339.065683,1
-1.78417969,-1.10717774,-1.94042969,-220.35115052,206.85496521,-0.00763359,1437634339.126029,1
-1.6057129,-1.11914063,-1.9921875,-236.91603089,191.45037842,-0.00763359,1437634339.155908,1
-0.9741211,-0.71948243,-1.82275391,157.6335907,-223.57252503,-0.00763359,1437634339.216098,1
-0.79492188,-1.90405274,-1.98657227,229.84733582,-234.5038147,-143.41984559,1437634339.245707,1
-0.85961915,-0.00006104,-1.42407227,132.21374512,68.88549805,-234.5038147,1437634339.306354,1
1.74267579,-1.85327149,-1.08740235,-213.92366028,-225.20610047,-234.5038147,1437634339.335887,1
-1.79980469,-1.25268555,-1.0900879,208.2748108,-145.74046326,-234.5038147,1437634339.396112,1
-1.98095704,-1.15136719,-1.60107422,149.3740387,-134.18321229,-234.5038147,1437634339.427620,1
-1.58642579,-1.1135254,-1.90112305,60.36641312,-76.82442475,68.68701935,1437634339.485996,1
-0.74853516,-0.00006104,-1.5925293,170.77862549,-0.00763359,0.97709924,1437634339.515868,1
-0.00006104,-0.43334961,1.34277344,220.32061768,-145.86259461,-234.5038147,1437634339.575293,1
-0.00006104,1.01684571,0.6369629,223.0076294,-210.35115052,249.31297303,1437634339.606245,1
-0.00006104,1.92431641,1.3984375,-96.51908112,195.72518921,-142,1437634339.636697,1
-1.46191407,-0.00006104,0.55322266,-161.6335907,240.1374054,-87.80152894,1437634339.696779,1
-1.3791504,-0.46484375,-1.62353516,-90.12213898,220.22900391,103.55725098,1437634339.756999,1
1.09570313,1.24682618,1.57250977,-219.34350586,-239.67938233,78.85496521,1437634339.786211,1
1.86303711,1.44897461,-1.4116211,-211.3740387,-248.42747498,165.16030884,1437634339.815910,1
1.66259766,-1.4350586,-1.87890625,-249.25190735,-245.35877991,185.28244019,1437634339.876162,1
1.9597168,-1.51220704,-1.92895508,248.97709656,-249.29771424,236.12213135,1437634339.906738,1
-1.88110352,-1.28833008,-1.99707032,-219.23664856,-219.34350586,227.89312745,1437634339.966148,1
-1.79492188,-1.15185547,-1.95336915,-219.09924317,249.38931275,237.98472596,1437634339.995887,1
-1.73657227,-1.14697266,-1.96337891,247.48091126,245.25190735,248.56488038,1437634340.056380,1
-1.72192383,-1.08276368,-1.95947266,-249.87786866,-248.61068726,-249.89312745,1437634340.087682,1
-1.98022461,-1.08056641,-1.9650879,248.83969117,246.07633973,239.43511963,1437634340.146200,1
-1.68969727,-1.93994141,-1.99804688,242.71755982,246.71755982,-243.29771424,1437634340.175880,1
-1.64794922,-1.06420899,-1.94995118,233.87786866,241.35877991,-234.76335145,1437634340.236408,1
-1.70385743,-1.07250977,-1.93823243,207.58778382,231.64884949,-196.5038147,1437634340.265999,1
-1.76171875,-1.01708985,-1.86108399,-246.82443238,209.34350586,-53.08396912,1437634340.296786,1
-1.77319336,-0.9831543,-1.47045899,-180.99237061,164.76335145,-0.00763359,1437634340.356123,1
-1.29760743,-0.97583008,-1.8725586,-190.21374512,114.44274903,-0.00763359,1437634340.386461,1
-0.83764649,-1.91210938,1.91503907,161.09924317,23.75572587,-0.00763359,1437634340.446462,1
-1.14355469,-0.77319336,-0.00006104,145.05343628,84.80915833,55.87786103,1437634340.476030,1
-1.82983399,-1.1459961,-1.00097657,158.80915833,227.72518921,82.04579926,1437634340.536483,1
-1.6171875,-0.86547852,-0.90478516,233.05343628,-97.35877991,-234.5038147,1437634340.566819,1
-1.7775879,-1.38110352,-1.67211915,173.5114441,-99.40457917,-234.5038147,1437634340.626176,1
-1.55541993,-1.22949219,1.97924805,92.79389191,-90.1374054,49.84732819,1437634340.655970,1
-1.24560547,-0.54248047,-1.98046875,92.90076447,-116.1374054,17.95419884,1437634340.716367,1
-0.57299805,-0.21948243,1.8010254,138.16793824,-120.68701935,42.16793824,1437634340.747431,1
-0.3347168,-1.9584961,1.56469727,210.32061768,-117.00763703,174.83969117,1437634340.806315,1
-0.08544922,-1.9675293,1.06396485,-214.48855591,-182.97709656,244.48855591,1437634340.836001,1
-0.32153321,1.80761719,1.40185547,-111.66412354,-234.18321229,-228.97709656,1437634340.896486,1
0.66064454,-1.82202149,-1.875,-173.74046326,211.89312745,-110.06106568,1437634340.926371,1
-0.00006104,-0.00006104,-0.46899415,-207.22137452,204.32061768,-1.96183205,1437634340.956583,1
-0.60180665,-0.00006104,1.77001954,-241.02290345,-219.09924317,-190.25953675,1437634341.016431,1
-1.23925782,-0.00006104,1.43286133,-239.89312745,249.25190735,-198.47328187,1437634341.046281,1
-1.20800782,-0.64428711,1.9584961,-239.67938233,-246.96183777,-209.57252503,1437634341.105964,1
-1.96728516,-0.66015625,-1.95629883,246.51908875,244.76335145,-238.44274903,1437634341.135978,1
-1.55615235,-0.91137696,1.99829102,-248.79389954,-246.54962159,-240.18321229,1437634341.195957,1
-1.59838868,-0.9741211,-1.97192383,243.1450348,247.66412354,-233.1450348,1437634341.226516,1
-1.63403321,-1.01708985,-1.98291016,249.20610047,246.56488038,-235.20610047,1437634341.286159,1
-1.65673829,-1.04003907,-1.98339844,248.42747498,-246.2748108,-240.39694214,1437634341.315903,1
-1.64111329,-1.04833985,-1.97729493,249.20610047,249.80152894,-247.74046326,1437634341.376097,1
-1.59082032,-1.04760743,1.99731446,241.93893433,247.3740387,-239.29771424,1437634341.436308,1
-1.66113282,-1.04980469,-1.94384766,224.88549805,244.06106568,-239.31297303,1437634341.466609,1
-1.68237305,-1.09716797,-1.99438477,197.23664856,-220.70228577,-194.44274903,1437634341.495975,1
1.95532227,-0.99902344,-1.93359375,-237.49618531,207.12977601,-51.09923554,1437634341.557228,1
-1.75390625,-0.99340821,-1.68334961,-179.86259461,154.82443238,-0.00763359,1437634341.587085,1
-1.92822266,-0.54956055,-1.96655274,-222.5038147,134.6412201,-0.00763359,1437634341.616530,1
-1.09545899,-0.91357422,1.9362793,200.90075684,4.87022925,-87.23664094,1437634341.676201,1
-1.93725586,1.24047852,1.51391602,-234.5038147,92.21373749,64.77862549,1437634341.705951,1
1.62719727,-1.57592774,-0.61254883,207.89312745,184.65649415,132.61068726,1437634341.766185,1
-1.7932129,-1.2890625,-1.2854004,216.73281861,-77.2061081,-234.5038147,1437634341.796014,1
-1.75366211,-1.56933594,-1.93164063,141.38931275,-120.24427796,59.95419693,1437634341.856150,1
-1.68090821,-1.06567383,1.66455079,82.6412201,-115.46565247,54.47328187,1437634341.887517,1
-0.92626954,-0.01782227,-1.99829102,86.85496521,-135.64884949,21.08396912,1437634341.946440,1
-0.67919922,-0.29858399,-1.54541016,-210.51908875,-70.19847107,153.43511963,1437634341.976051,1
-0.00006104,-1.48681641,-1.80834961,159.09924317,-139.28244019,137.2671814,1437634342.036523,1
-0.27392579,-1.73046875,0.99658204,-249.61831666,-218.35115052,228.59541321,1437634342.067165,1
-0.66528321,-1.6862793,1.38647461,-145.81678772,-241.08396912,-177.92366028,1437634342.157153,1
1.34838868,-1.21118165,1.87451172,191.72518921,233.83206177,-0.00763359,1437634342.186046,1
-0.8791504,-0.4675293,1.25683594,-206.03053284,224.48855591,-110.93129731,1437634342.217061,1
-0.27368165,-0.53564454,-1.15795899,-172.96183777,226.85496521,-117.11450196,1437634342.246371,1
-1.40136719,-0.12329102,-1.93261719,-249.72518921,-248.29006959,-230.96183777,1437634342.277258,1
-1.55004883,-0.82836915,1.88452149,244.6412201,247.09924317,-246.68702698,1437634342.336120,1
-1.59277344,-0.98046875,-1.99731446,-249.66412354,249.4045868,-249.48091126,1437634342.366141,1
-1.63427735,-1.02832032,-1.96191407,248.83969117,244.44274903,-241.7709961,1437634342.426421,1
-1.68554688,-1.00585938,-1.98339844,249.70993042,250,-249.70993042,1437634342.456060,1
-1.67236329,-1.05444336,-1.94775391,248.73281861,247.06869507,-243.5114441,1437634342.515906,1
-1.68286133,-1.06982422,-1.95947266,250.07633973,-243.20610047,-249.87786866,1437634342.546420,1
-1.69775391,-1.06347657,-1.94482422,248.88549805,-242.47328187,245.49618531,1437634342.606184,1
-1.66845704,-1.0600586,-1.99731446,249.45037842,-249.02290345,246.94656373,1437634342.636028,1
-1.98022461,-1.06567383,-1.93603516,247.09924317,242.62596131,-248.19847107,1437634342.696178,1
-1.68359375,-1.1303711,-1.94213868,242.09159852,241.75572205,-243.2671814,1437634342.756218,1
-1.98095704,-1.03173829,-1.95996094,237.31297303,243.3740387,-226.74809266,1437634342.786468,1
-1.65161133,-1.09545899,-1.93261719,217.55725098,237.28244019,-205.67938233,1437634342.815945,1
-1.82592774,-1.00708008,-1.99560547,213.49618531,202.54962159,-77.34351349,1437634342.876016,1
-1.80981446,-0.86181641,-1.76391602,-178.5038147,180.01527405,-0.00763359,1437634342.907032,1
-1.29467774,-1.09936524,-1.95605469,-246.41221619,157.55725098,-0.00763359,1437634342.936600,1
-1.1604004,-0.87670899,-1.6381836,144.07633973,77.41984559,-0.00763359,1437634342.996131,1
-0.43652344,-0.00006104,-0.88330079,216.80915833,21.63358689,5.8320613,1437634343.025827,1
-1.63110352,-1.73583985,-1.31030274,144,176.85496521,70.58015442,1437634343.085995,1
-1.85620118,-0.88330079,-0.6472168,-249.5114441,-100.0763321,18.94656563,1437634343.116068,1
-1.84472657,-1.2307129,-1.40747071,234.96183777,-97.32824708,12.77862549,1437634343.176551,1
-1.58105469,-1.34106446,1.78613282,117.7709961,-85.49618531,51.75572587,1437634343.207116,1
-1.0703125,-0.55737305,-1.69506836,124.15267182,-63.46564866,13.03816796,1437634343.266752,1
-0.42919922,-0.18164063,-1.64306641,-225.43511963,-107.25190735,11.09923649,1437634343.295818,1
-0.00006104,-0.00006104,-1.53149415,217.49618531,-186.16793824,172.47328187,1437634343.356311,1
-0.00006104,-1.98413086,0.76782227,225.55725098,-246.79389954,224.5038147,1437634343.387377,1
-0.44067383,1.9440918,1.25878907,-78.71755982,-210.44274903,232.94656373,1437634343.445216,1
1.0588379,-1.1003418,-1.99462891,140.61068726,-219.90840149,-0.00763359,1437634343.476226,1
-1.5065918,-0.43066407,-1.6940918,-97.74045563,218.47328187,-146.41221619,1437634343.537115,1
0.71362305,1.80688477,-1.76879883,-153.34350586,-220.42747498,-222.10687256,1437634343.566355,1
1.79956055,-1.4885254,1.85864258,-244.39694214,-242.97709656,-222.29006959,1437634343.596685,1
-1.81054688,-1.28930665,-1.84667969,-214.45800782,249.83206177,228.21374512,1437634343.656130,1
-1.98339844,-0.99291993,-1.94555665,-233.89312745,249.41984559,243.49618531,1437634343.685933,1
-1.7307129,-1.12207032,-1.89086915,249.98472596,-250,247.55725098,1437634343.746104,1
-1.73779297,-1.09106446,-1.97729493,246.65649415,246.65649415,-247.49618531,1437634343.776216,1
-1.68090821,-1.09667969,-1.94213868,249.08396912,-245.06869507,-245.11450196,1437634343.836133,1
-1.69116211,-1.04760743,-1.95019532,248.38168335,-248.51908875,-239.95419312,1437634343.867130,1
-1.66918946,-1.0534668,-1.95458985,-250.01527405,-245.75572205,-239.5114441,1437634343.926332,1
-1.67895508,-1.05639649,-1.96655274,-219.0076294,-248.93130494,-237.28244019,1437634343.956064,1
-1.97900391,-1.0678711,-1.96166993,250.01527405,247.96946717,248.88549805,1437634344.017618,1
-1.67895508,-1.04907227,-1.9506836,248.91603089,249.98472596,-246.70228577,1437634344.047088,1
-1.65063477,-1.05395508,-1.9650879,248.88549805,248.33587647,241.22137452,1437634344.106736,1
-1.69384766,-1.03588868,-1.94824219,234.70228577,241.35877991,-235.2671814,1437634344.136069,1
-1.65917969,-1.09692383,-1.9416504,189.35877991,212.67175293,-171.22137452,1437634344.225588,1
1.81225586,-0.81030274,-1.88354493,-249.43511963,193.19084168,-0.00763359,1437634344.232405,1
-1.72241211,-1.06567383,-1.88403321,-211.95419312,168.44274903,-0.00763359,1437634344.258035,1
-0.58959961,-0.00006104,-1.9272461,-194.85496521,120.6412201,-0.00763359,1437634344.316394,1
-1.21337891,-0.31323243,-1.97314454,-43.72518921,-234.5038147,-157.25190735,1437634344.346485,1
-1.40478516,-0.22973633,1.71826172,35.48091507,12.9923668,12.50381661,1437634344.406523,1
1.91479493,-1.75122071,-0.66967774,172.25953675,-226.91603089,3.72519088,1437634344.436057,1
1.9206543,-0.99316407,-1.18188477,211.20610047,-114.22900391,0.97709924,1437634344.496014,1
-1.96484375,-1.40014649,1.78564454,122.18320466,-79.435112,87.28244019,1437634344.526587,1
-1.56372071,-0.72265625,-1.75561524,118.04579926,-87.48091889,-231.95419312,1437634344.586449,1
-1.03491211,-0.29785157,1.73681641,116.03053284,-135.75572205,29.87786294,1437634344.616062,1
-0.58740235,-0.63647461,-1.30712891,185.2671814,-49.38931275,21.29771042,1437634344.676402,1
-0.04907227,1.63378907,1.12158204,206.22900391,-105.31298066,170.35115052,1437634344.707968,1
-0.11279297,-1.77441407,0.79833985,-233.93893433,-239.93893433,-214.51908875,1437634344.766434,1
-0.00006104,1.82055665,1.84765625,156.82443238,238.82443238,-0.00763359,1437634344.796117,1
-1.12060547,-0.30737305,1.42919922,-244.82443238,221.28244019,-116.19847107,1437634344.858583,1
-0.00006104,-0.6940918,-1.5666504,-69.84732819,231.60305787,-208.25953675,1437634344.887125,1
-1.08007813,-0.45318604,-1.94140625,228.03053284,247.48091126,202.09159852,1437634344.918236,1
-1.93774415,-1.20043946,1.83203125,245.17556763,-244.90075684,183.16030884,1437634344.976119,1
-1.77026368,-1.16137696,-1.86328125,-240.67175293,246.94656373,225.03816224,1437634345.006736,1
-1.77319336,-1.21435547,-1.90405274,-246.24427796,-246.96183777,232.19847107,1437634345.066646,1
-1.80419922,-1.15454102,-1.97216797,-248.61068726,-249.60305787,243.84733582,1437634345.096239,1
-1.68896485,-1.08276368,-1.92944336,-247.38931275,247.67938233,245.48091126,1437634345.156470,1
-1.70434571,-1.06811524,-1.94726563,241.35877991,-242.76335145,-247.60305787,1437634345.186621,1
-1.70410157,-1.0822754,-1.92822266,246.06106568,-218.90075684,-248.44274903,1437634345.246478,1
-1.67993165,-1.07226563,-1.95654297,245.81678772,247.87786866,-243.69465638,1437634345.275983,1
-1.67651368,-1.07080079,-1.94580079,246.09159852,-245.16030884,-236.5038147,1437634345.336354,1
-1.66625977,-1.0534668,-1.94995118,239.81678772,-244.54962159,-247.45037842,1437634345.396398,1
-1.66503907,-1.0678711,-1.92285157,242.91603089,240.1374054,-230.65649415,1437634345.426575,1
-1.6484375,-1.04003907,-1.93432618,235.48091126,240.56488038,-211.80152894,1437634345.456161,1
-1.65063477,-1.05444336,-1.92480469,233.41984559,238.24427796,-182.10687256,1437634345.515048,1
-1.6953125,-1.07104493,-1.88793946,213.52671814,218.59541321,-122.76335907,1437634345.546285,1
-1.80395508,-1.04907227,-1.8869629,-234.25953675,199.52671814,-0.00763359,1437634345.579478,1
-1.96777344,-1.06372071,-1.81469727,232.09159852,178.90075684,-0.00763359,1437634345.636645,1
-0.74584961,-0.32250977,-1.92944336,-220.30534363,132.58015442,-0.00763359,1437634345.666692,1
-0.71142579,-0.00006104,1.95458985,-175.23664856,-234.5038147,-195.0076294,1437634345.726383,1
-1.68530274,-0.00006104,-1.95166016,171.12977601,178.01527405,-231.70993042,1437634345.756131,1
1.60449219,-1.79516602,-0.81396485,-101.22137452,-125.23664094,108.6412201,1437634345.816229,1
-1.96215821,-1.96044922,-1.45751954,-190.99237061,-22.68702317,25.22137452,1437634345.845899,1
-1.21459961,-1.45605469,-1.76074219,240.58015442,-145.95419312,26.8549614,1437634345.906337,1
-1.20410157,-1.3828125,1.94580079,170.47328187,-162.33587647,-230.83969117,1437634345.936131,1
-1.15014649,-0.79077149,-1.55126954,193.17556763,-242.67175293,28.21374131,1437634345.996166,1
-0.76049805,-0.75341797,-1.98339844,166.76335145,-120.04579926,16.80916024,1437634346.027567,1
-0.67285157,-0.78588868,-1.05493165,-227.06869507,-88.82442475,48.79389191,1437634346.086196,1
-0.00006104,1.68969727,1.02929688,212.15266419,-134.870224,-224.33587647,1437634346.116165,1
-0.00006104,-1.75073243,1.33789063,-94.58015442,218.12213135,-122.03053284,1437634346.175413,1
-1.87988282,-0.00006104,0.72924805,-228.94656373,217.96946717,-36.91603089,1437634346.206599,1
-1.08569336,-0.00006104,-0.30078125,-139.35877991,214.1374054,-191.90840149,1437634346.237948,1
-1.08642579,-1.00488282,1.97509766,-244.44274903,244.10687256,-176.99237061,1437634346.296158,1
-1.60839844,-1.17773438,1.9284668,-232.38168335,-244.44274903,227.46565247,1437634346.326798,1
-1.6447754,-0.85180665,-1.83447266,-239.32824708,248.35115052,243.48091126,1437634346.386268,1
-1.60717774,-1.0197754,-1.9416504,-248.74809266,244.6412201,247.66412354,1437634346.416219,1
-1.6916504,-1.01684571,-1.97924805,249.57252503,250.10687256,-218.90075684,1437634346.476298,1
-1.68164063,-1.04174805,-1.96044922,-249.98472596,-249.03816224,249.90840149,1437634346.506895,1
-1.67309571,-1.05273438,-1.96679688,247.74046326,-248.80915833,237.0076294,1437634346.566654,1
-1.68286133,-1.06616211,-1.9663086,246.09159852,-246.71755982,-245.3740387,1437634346.596178,1
-1.66455079,-1.04296875,-1.95507813,-248.51908875,-247.29771424,-246.59541321,1437634346.656163,1
-1.6784668,-1.05664063,-1.94921875,249.11450196,-240.76335145,247.75572205,1437634346.716698,1
-1.67749024,-1.03393555,-1.96289063,249.09924317,249.12977601,-244.82443238,1437634346.746502,1
-1.66870118,-1.05981446,-1.96289063,247.48091126,-248.80915833,248.94656373,1437634346.776217,1
-1.68896485,-1.94116211,-1.95947266,-249.17556763,246.99237061,-249.87786866,1437634346.835887,1
-1.67993165,-1.05688477,-1.95996094,245.2671814,248.83969117,-249.22137452,1437634346.867388,1
-1.66455079,-1.06396485,-1.94506836,248.07633973,-249.98472596,-236.47328187,1437634346.898461,1
-1.68847657,-1.04296875,-1.95654297,-249.31297303,248.76335145,-243.06869507,1437634346.956114,1
-1.97924805,-1.06152344,-1.94580079,234.32061768,242.21374512,-221.11450196,1437634346.986788,1
-1.72485352,-1.0612793,-1.96923829,226.80915833,232.33587647,-125.37404633,1437634347.046556,1
-1.70776368,-0.86621094,-1.99609375,-216.35115052,223.38931275,-65.92366791,1437634347.076191,1
-1.54028321,-1.93408204,-1.87329102,-195.96946717,208.42747498,-0.00763359,1437634347.136403,1
-1.04125977,-0.36181641,-1.58911133,-186.10687256,171.66412354,-45.45038224,1437634347.166555,1
-1.16113282,-0.94824219,-1.7150879,-180.36640931,137.43511963,-98.80915833,1437634347.226253,1
-1.82519532,-1.08154297,-0.50805665,-133.5114441,121.67938996,51.83206177,1437634347.256190,1
1.60229493,-1.01367188,-1.38232422,241.4045868,-167.64884949,-228.39694214,1437634347.316335,1
-1.9650879,-1.00024415,-0.94824219,-187.29771424,-238.51908875,18.36641312,1437634347.347080,1
-1.68115235,-1.53320313,-1.8034668,240.2748108,-95.81679535,63.45038224,1437634347.406225,1
-1.1628418,-1.27709961,-1.4831543,240.07633973,-47.00763321,86.71755982,1437634347.436264,1
-1.9260254,-0.48217774,-1.07373047,-199.55725098,-0.00763359,-229.98472596,1437634347.495143,1
-1.91552735,-1.04296875,-1.48242188,-233.05343628,-0.00763359,120.93129731,1437634347.526282,1
-0.83837891,-1.08886719,1.63598633,-222.19847107,-144.96183777,129.95419312,1437634347.558356,1
-1.23779297,-1.03637696,1.74731446,-223.09924317,-248.16793824,169.84733582,1437634347.616327,1
-1.45434571,-1.52734375,-1.60595704,188.18321229,-109.25190735,-214.99237061,1437634347.647030,1
-1.93652344,-1.05810547,-1.6538086,248.70228577,-60.70228959,-240.93130494,1437634347.706568,1
-1.11328125,-1.54467774,1.90771485,-219.02290345,-115.86259461,-198.61068726,1437634347.736160,1
-1.3034668,-1.53222657,-1.96997071,-225.7709961,-147.96946717,-215.48091126,1437634347.796619,1
-1.21948243,-1.62158204,-1.6772461,-200.2748108,-108.29007721,-249.48091126,1437634347.826701,1
1.55615235,-0.96899415,-1.875,228.94656373,185.78625489,-57.54198456,1437634347.886657,1
-0.70629883,1.49047852,1.5703125,216.76335145,242.44274903,-104.53434754,1437634347.916219,1
-1.18359375,-0.25708008,-1.04199219,-182.25953675,243.74046326,-199.17556763,1437634347.976401,1
-1.93066407,-0.6994629,1.9963379,-229.58778382,245.90840149,-205.03816224,1437634348.007523,1
-1.63110352,-1.1628418,-1.90991211,-234.24427796,245.3740387,-248.73281861,1437634348.066830,1
-1.62402344,-1.02416993,-1.96997071,-242.61068726,246.91603089,-236.62596131,1437634348.095977,1
-1.98120118,-1.08886719,-1.96337891,-248.56488038,-246.70228577,-249.45037842,1437634348.155356,1
-1.97924805,-1.0678711,-1.98486329,248.12213135,244.45800782,-249.41984559,1437634348.186262,1
-1.70629883,-1.08056641,-1.94238282,248.06106568,-250.09159852,248.53434754,1437634348.218658,1
-1.64990235,-1.03930665,1.99609375,242.82443238,-246.29006959,242.16793824,1437634348.276774,1
-1.6328125,-1.0119629,-1.9921875,245.87786866,-249.58778382,243.86259461,1437634348.306789,1
-1.6394043,-1.05712891,-1.96557618,-248.30534363,-248.21374512,246.97709656,1437634348.366645,1
-1.66748047,-1.05712891,-1.95532227,-248.83969117,-244.93130494,246.62596131,1437634348.396312,1
-1.66723633,-1.05029297,-1.97070313,-248.32061768,248.33587647,239.92366028,1437634348.456642,1
-1.66357422,-1.05517579,-1.97802735,-244.48855591,248.33587647,-249.86259461,1437634348.486670,1
-1.66528321,-1.05908204,1.97827149,-219.02290345,-247.83206177,-219.25190735,1437634348.546489,1
-1.68798829,-1.08398438,-1.98608399,250.12213135,-246.79389954,248.30534363,1437634348.576252,1
-1.67236329,-1.08178711,-1.95751954,248.74809266,247.95419312,-243.29771424,1437634348.636380,1
-1.66357422,-1.05126954,-1.97998047,248.10687256,-247.46565247,244.06106568,1437634348.667664,1
-1.65307618,-1.06518555,-1.97973633,247.57252503,245.4045868,-247.70993042,1437634348.726129,1
-1.66259766,-1.05834961,-1.9572754,244.68702698,-246.2748108,-240.58015442,1437634348.756185,1
-1.70947266,-1.93969727,-1.98120118,240.16793824,238.73281861,-245.03816224,1437634348.815101,1
-1.75756836,-0.9819336,-1.88720704,183.28244019,218.47328187,-179.12977601,1437634348.846425,1
1.75439454,-0.25805665,-1.90942383,-136.04580689,211.86259461,-0.00763359,1437634348.878034,1
-1.11303711,-0.16845704,-1.0444336,-34.61068726,106.85496521,-0.00763359,1437634348.936138,1
-0.61059571,-0.00006104,-1.56811524,-0.00763359,158.53434754,-88.45801545,1437634348.967038,1
-0.39916993,1.84057618,-1.3725586,-120.30534363,-110.47328187,217.2671814,1437634349.026610,1
1.58496094,-1.32275391,-1.97314454,-133.48091126,-169.46565247,135.23664856,1437634349.056278,1
-1.72998047,-1.21264649,-1.61547852,-237.0076294,-114.80915833,48.04580308,1437634349.116388,1
-1.4765625,-1.3425293,-1.2175293,-245.45037842,-89.96946717,43.45038224,1437634349.146327,1
-1.10180665,-1.37670899,-1.47875977,-221.48091126,-63.51145173,85.23664094,1437634349.206423,1
-0.96972657,-1.13427735,-1.2734375,166.59541321,-14.29007626,91.38931275,1437634349.236603,1
-0.69458008,-0.83984375,-1.54736329,137.29771424,-71.45037842,75.74045563,1437634349.296428,1
-0.69848633,-0.89868165,-1.83105469,-228.24427796,-77.435112,129.83206177,1437634349.327910,1
-0.00390625,-1.07006836,1.56591797,148.22900391,-120.62595368,132.22900391,1437634349.386689,1
-0.29492188,-1.32885743,1.26684571,197.19084168,-233.81678772,203.45037842,1437634349.416217,1
-0.48754883,1.93847657,1.60351563,-92.24427796,-186.68702698,-208.06106568,1437634349.475227,1
1.81689454,-1.17822266,-1.78588868,234,235.06869507,-0.00763359,1437634349.507769,1
1.39306641,-1.50463868,0.87451172,-157.19084168,206.85496521,-116.39694977,1437634349.539198,1
-0.76586915,-1.63891602,-1.69506836,-110.73282624,221.89312745,-147.75572205,1437634349.596573,1
-1.85986329,-0.83984375,-1.74047852,231.72518921,244.6412201,-243.95419312,1437634349.627477,1
-1.88769532,-1.38891602,1.88867188,248.73281861,249.52671814,-235.06869507,1437634349.686788,1
-1.73950196,-1.09863282,-1.94067383,-246.82443238,244.76335145,-232.03053284,1437634349.716315,1
-1.69799805,-1.0834961,-1.9584961,248.01527405,-240.85496521,-246.04580689,1437634349.776583,1
-1.68237305,-1.04589844,-1.97167969,246.65649415,-247.16030884,-234.83969117,1437634349.806094,1
-1.65649415,-1.00292969,1.9963379,-249.69465638,-243.67938233,-244.56488038,1437634349.866826,1
-1.6760254,-1.02368165,-1.98046875,-245.86259461,248.32061768,-232.18321229,1437634349.896298,1
-1.65063477,-1.04272461,-1.96972657,249.2671814,-248.39694214,-234.93130494,1437634349.956492,1
-1.68115235,-1.04174805,-1.97167969,248.62596131,250.12213135,246.94656373,1437634349.987669,1
-1.66137696,-1.05419922,-1.9741211,-249.06869507,-219.1450348,-235.87786866,1437634350.046615,1
-1.68115235,-1.06323243,-1.98144532,243.17556763,249.43511963,-242.80915833,1437634350.105602,1
-1.70751954,-1.05761719,-1.9831543,224.93130494,244.03053284,-236.33587647,1437634350.135487,1
-1.73681641,-1.09741211,-1.97607422,194.90075684,221.80152894,-167.0076294,1437634350.166491,1
-1.88452149,-1.19262696,-1.91845704,243.55725098,-222.65649415,-0.00763359,1437634350.198214,1
-1.8100586,-1.13110352,-1.76147461,-244.73281861,151.2671814,-0.00763359,1437634350.256282,1
-0.65039063,-0.00006104,-1.57080079,-196.1374054,110.73282624,-0.00763359,1437634350.286687,1
-1.04785157,-0.44311524,-1.71289063,-52.19847489,-234.5038147,-83.7099228,1437634350.346695,1
-1.86523438,-0.00006104,-1.53588868,93.95420075,112.7022934,20.03053475,1437634350.376277,1
-1.97314454,-1.15332032,-0.44677735,-218.41221619,-171.34350586,-234.5038147,1437634350.436884,1
-1.75952149,-1.26879883,-1.31713868,234.10687256,-73.52671814,-234.5038147,1437634350.466136,1
-1.57983399,-1.52294922,1.99340821,138.44274903,-117.31298066,1.19083965,1437634350.526511,1
-1.44580079,-1.05078125,-1.81958008,101.23664094,-101.23664094,66.59542084,1437634350.556353,1
-0.40185547,-0.41503907,-1.95092774,122.54962159,-176.76335145,75.17557526,1437634350.617392,1
-0.38110352,-0.88256836,-1.65356446,95.0687027,-141.95419312,135.5114441,1437634350.647287,1
-0.03710938,-0.21240235,1.44848633,-247.5114441,-198.03053284,128.870224,1437634350.706825,1
-0.42626954,1.54028321,0.52954102,-248.25953675,-240.56488038,-199.83206177,1437634350.736331,1
-0.61743165,-1.12622071,1.91772461,-93.03816987,-195.45037842,229.08396912,1437634350.796905,1
0.54003907,-1.42529297,0.69140625,-221.4045868,230.15266419,-51.95419693,1437634350.826116,1
-1.47167969,-0.93872071,-0.4597168,-123.74045563,233.93893433,229.31297303,1437634350.915767,1
-1.43481446,1.75756836,-1.95776368,-219.41984559,247.64884949,-241.67938233,1437634350.920195,1
-1.86914063,-0.69555665,-1.99584961,226.01527405,245.16030884,-246.56488038,1437634350.948567,1
-1.75952149,-1.36572266,1.9416504,225.64884949,-241.54199219,246.03053284,1437634351.006634,1
-1.6772461,-1.23925782,-1.99438477,248.56488038,-218.97709656,248.42747498,1437634351.036400,1
-1.7385254,-1.06591797,-1.93920899,247.43511963,-249.31297303,238.74809266,1437634351.096504,1
-1.74438477,-1.08666993,-1.96362305,249.57252503,-246.58015442,242.53434754,1437634351.127321,1
-1.98486329,-1.11767579,-1.92871094,-249.83206177,-247.34350586,249.29771424,1437634351.186296,1
-1.73608399,-1.0900879,-1.9584961,248.82443238,249.12977601,-219.19084168,1437634351.216355,1
-1.73291016,-1.07324219,-1.96069336,247.75572205,249.89312745,-238.54962159,1437634351.276769,1
-1.70385743,-1.07153321,-1.9975586,245.98472596,244.06106568,-241.67938233,1437634351.306369,1
-1.67626954,-1.05615235,-1.9494629,246.59541321,247.38931275,-248.2748108,1437634351.366658,1
-1.72143555,-1.04931641,-1.99584961,242.25953675,240.96183777,-231.61831666,1437634351.396340,1
-1.69848633,-1.05908204,-1.97265625,220.32061768,236.04580689,-207.70993042,1437634351.456380,1
-1.8034668,-1.05004883,-1.90722657,200.39694214,195.19084168,-64.12213898,1437634351.486683,1
-1.72070313,-0.89624024,-1.78393555,-192.41221619,160.90075684,-0.00763359,1437634351.545546,1
-1.57324219,-1.02636719,1.9663086,-154.6412201,121.80152894,-0.00763359,1437634351.576313,1
-0.72167969,-0.11865235,-1.78613282,212.24427796,51.58778763,-0.00763359,1437634351.606878,1
-1.30932618,-0.1538086,-0.00006104,168.51908875,54.56488419,181.87786866,1437634351.666885,1
1.81225586,-1.33715821,-1.10375977,126.88549805,178.74809266,120.12213898,1437634351.696519,1
-1.66748047,-1.35644532,-0.62744141,-238.10687256,-81.35877991,-234.5038147,1437634351.756499,1
-1.74194336,-1.94897461,-1.74682618,177.19084168,-105.32824708,-234.5038147,1437634351.786079,1
-1.38769532,-1.33496094,-1.76147461,78.45801545,-128.29006959,32.3511467,1437634351.846790,1
-1.31591797,-0.80590821,-1.84204102,59.69465638,-94.22900391,-232.96183777,1437634351.876472,1
-0.63305665,-0.45605469,-1.84228516,121.02290345,-96.58015442,40.88549805,1437634351.937158,1
-1.8881836,-0.88500977,1.36743165,221.74046326,-138.58015442,84.77862549,1437634351.966100,1
-0.00006104,-1.87792969,0.97998047,-246.71755982,-196.38168335,-235.35877991,1437634352.026444,1
-0.03369141,-1.6315918,1.4494629,-75.84732819,-239.29771424,-155.25190735,1437634352.056362,1
-1.34716797,-0.00006104,-1.875,-153.52671814,219.75572205,-52.47328187,1437634352.117456,1
-1.87011719,-1.27612305,-1.33740235,-49.96946717,219.34350586,-234.5038147,1437634352.147634,1
0.71801758,-1.875,1.56469727,-152.1374054,-249.70993042,-234.5038147,1437634352.205536,1
1.36279297,0.55908204,-1.13232422,-219.74046326,248.01527405,130.25953675,1437634352.236708,1
1.42944336,1.71972657,1.9416504,247.45037842,246.82443238,160.68702698,1437634352.266796,1
-1.76245118,-1.70629883,-1.97729493,-240.12213135,-246.59541321,226.10687256,1437634352.326866,1
-2,-1.44116211,-1.96435547,-247.90840149,249.03816224,-219.70993042,1437634352.356435,1
-1.87353516,-1.22509766,-1.97778321,-247.28244019,-248.6412201,242.76335145,1437634352.416329,1
-1.78149415,-1.18432618,-1.91015625,-248.74809266,247.84733582,247.95419312,1437634352.446280,1
-1.78833008,-1.07006836,1.99121094,249.06869507,-245.78625489,246.58015442,1437634352.506860,1
-1.7421875,-1.08715821,-1.97729493,248.88549805,246.70228577,-243.08396912,1437634352.536335,1
-1.70629883,-1.05053711,-1.97827149,239.67938233,-219.19084168,-239.98472596,1437634352.597027,1
-1.6772461,-1.0378418,-1.97167969,225.60305787,227.69465638,249.90840149,1437634352.626142,1
-1.84277344,-0.78710938,-1.72998047,-117.37404633,97.12976838,-0.00763359,1437634352.686487,1
1.84204102,-1.27954102,1.66064454,-71.61832428,43.55725098,-0.19847329,1437634352.716331,1
-1.85424805,-0.00006104,-1.39697266,-205.64884949,51.38931275,-92.47328187,1437634352.776603,1
-1.63183594,-0.00006104,-1.00610352,217.98472596,202.38168335,-227.74046326,1437634352.808427,1
-1.58789063,-1.75024415,-0.91796875,246.01527405,-172.82443238,168.22900391,1437634352.865632,1
1.97509766,-1.6057129,-1.5065918,152.56488038,-112.36640931,119.58778382,1437634352.896489,1
-1.77050782,-1.37841797,-1.67285157,139.57252503,-90.15267182,121.66412354,1437634352.927091,1
-1.3647461,-0.61279297,1.9975586,99.34351349,-103.38931275,71.00763703,1437634352.986580,1
-0.97387696,-0.5913086,-1.91918946,118.24427796,-132.71755982,75.0687027,1437634353.016318,1
-0.75366211,-0.57421875,-1.73999024,-235.20610047,-147.22137452,70.58015442,1437634353.076522,1
-1.43090821,-0.84765625,0.77001954,116.12213898,-213.22137452,208.79389954,1437634353.106348,1
-0.33666993,-0.32934571,1.17553711,246.68702698,-221.35877991,234.870224,1437634353.166350,1
-0.59497071,-1.71215821,1.03417969,-43.22137452,-170.74809266,-195.72518921,1437634353.196375,1
1.91748047,-0.72875977,1.10302735,216.58015442,238.38168335,-38.30534363,1437634353.256592,1
-1.21997071,-0.00006104,-1.77856446,-150.80915833,226.22900391,114.96183014,1437634353.287647,1
-1.9260254,-1.16088868,1.69775391,-211.22137452,239.83206177,-238.2748108,1437634353.346545,1
-1.67919922,-1.17236329,-1.89965821,-244.45800782,-247.55725098,225.64884949,1437634353.376460,1
-1.83959961,-1.17700196,-1.89257813,-244.68702698,-249.60305787,234.45800782,1437634353.436653,1
-1.76953125,-1.1928711,-1.9284668,-247.66412354,-244.94656373,236.16793824,1437634353.468089,1
-1.75610352,-1.13867188,-1.95703125,-246.88549805,-246.94656373,-245.41984559,1437634353.525648,1
-1.68920899,-1.0600586,-1.95019532,-246.91603089,249.29771424,-240.82443238,1437634353.556991,1
-1.67822266,-1.05126954,-1.9453125,-248.76335145,-248.77862549,240.1374054,1437634353.587178,1
-1.6682129,-1.04467774,-1.95605469,249.43511963,-219.05343628,-246.94656373,1437634353.646887,1
-1.66503907,-1.03979493,-1.96337891,247.49618531,249.55725098,-243.84733582,1437634353.676597,1
-1.66479493,-1.04028321,-1.96435547,240.67175293,-246.53434754,-246.38168335,1437634353.736437,1
-1.66333008,-1.07861329,-1.9494629,230.21374512,249.31297303,-232.1374054,1437634353.766056,1
-1.68994141,-1.06738282,-1.95458985,219.0076294,239.67938233,-204.93130494,1437634353.828240,1
-1.8359375,-1.93725586,-1.94140625,223.66412354,218.67175293,-108.51908112,1437634353.856446,1
-1.88793946,-0.93945313,-1.87841797,246.77862549,204.01527405,-0.00763359,1437634353.916896,1
-1.73120118,-1.02709961,-1.76269532,243.46565247,178.33587647,-0.00763359,1437634353.946356,1
-0.33813477,-0.00006104,-1.59545899,198.41221619,151.19084168,-0.00763359,1437634354.006779,1
-0.58032227,-0.23266602,-1.83984375,-135.29771424,-234.5038147,-114.19847107,1437634354.066342,1
-1.2319336,-0.00006104,-1.31835938,101.93893433,106.25954438,25.57251931,1437634354.096432,1
-1.72070313,-1.40429688,-0.82202149,-237.7709961,-223.17556763,-234.5038147,1437634354.127831,1
-1.8671875,-1.5065918,-1.30419922,-218.90075684,-134.03053284,-234.5038147,1437634354.186741,1
-1.46777344,-1.55151368,1.92114258,132.12213135,-182.07633973,-234.5038147,1437634354.216628,1
-1.41894532,-1.05712891,-1.87841797,76.06106568,-120.6412201,44.09160233,1437634354.277379,1
-0.9807129,-0.15966797,-1.83544922,-224.96183777,-103.2061081,22.3511448,1437634354.306708,1
-0.24853516,-0.19262696,1.51269532,135.74046326,-239.80152894,-224.93130494,1437634354.365782,1
-0.00006104,-1.86425782,1.33251954,155.66412354,-243.5114441,236.33587647,1437634354.396664,1
-0.04711915,-1.93286133,1.02465821,-146.71755982,244.10687256,-168.61068726,1437634354.426552,1
1.40771485,-0.65234375,-1.67553711,-234.85496521,-220.12213135,-37.7099228,1437634354.487185,1
-1.82666016,-0.00006104,0.93603516,-196,233.03816224,-90.41221619,1437634354.516371,1
-0.00006104,-0.12939454,-1.0222168,-248.74809266,234.07633973,-16.36641312,1437634354.576417,1
-0.48632813,-0.00006104,-1.80200196,222.68702698,-249.3740387,-231.08396912,1437634354.606385,1
-1.97241211,-0.33422852,1.46289063,215.57252503,-245.1450348,235.60305787,1437634354.666747,1
-1.72827149,-1.02197266,1.96655274,-242.5038147,-250.10687256,-242.96183777,1437634354.696449,1
-1.64453125,-1.08007813,-1.8894043,248.12213135,-248.93130494,241.80152894,1437634354.756363,1
-1.80395508,-1.0354004,1.99462891,-248.74809266,-248.22900391,-242.54962159,1437634354.786294,1
-1.62963868,-1.09765625,-1.97363282,248.61068726,-248.71755982,249.6335907,1437634354.846434,1
-1.6953125,-1.0234375,-1.97998047,248.88549805,249.22137452,-238.6412201,1437634354.906980,1
-1.65917969,-1.05053711,-1.96972657,249.0076294,-245.22137452,-246.65649415,1437634354.936716,1
-1.66650391,-1.03271485,-1.97460938,245.78625489,243.4045868,-245.16030884,1437634354.968528,1
-1.63476563,-1.05639649,1.99951172,238.07633973,241.84733582,-235.35877991,1437634355.025702,1
-1.63452149,-1.03955079,-1.95458985,221.05343628,242.73281861,-218.35115052,1437634355.057493,1
-1.69970704,-1.02978516,-1.95629883,204.1374054,227.6335907,-188.77862549,1437634355.087060,1
-1.84765625,-1.16577149,-1.97802735,239.49618531,209.81678772,-63.7099228,1437634355.146839,1
-1.70996094,-1.2150879,-1.73876954,-207.32824708,176.80915833,-0.00763359,1437634355.176609,1
-1.17675782,-1.03808594,-1.83544922,243.64884949,172.44274903,-0.00763359,1437634355.237072,1
-1.05078125,-0.64233399,-1.83325196,115.08396912,110.36640931,-0.00763359,1437634355.266654,1
-0.7385254,-0.00006104,-0.00006104,169.2671814,72.53434754,0.16793894,1437634355.326592,1
-1.49145508,-0.85620118,-1.94848633,197.64884949,137.1450348,-234.5038147,1437634355.356429,1
-1.78369141,-1.7578125,-0.96899415,215.19084168,-158.33587647,-234.5038147,1437634355.416425,1
-1.69873047,-1.03588868,-1.94262696,233.1450348,-69.55725098,-234.5038147,1437634355.448250,1
-1.30444336,-1.27807618,1.99853516,154.90075684,-82.90076447,-234.5038147,1437634355.506916,1
-0.92041016,-0.6640625,-1.95751954,185.09924317,-0.00763359,-234.5038147,1437634355.537189,1
-0.31982422,-0.38183594,1.85253907,-238.03053284,-184,-234.5038147,1437634355.598677,1
-0.00006104,-1.15966797,1.12280274,129.61831666,-232.82443238,118.61068726,1437634355.627672,1
-1.91528321,-1.99365235,1.04125977,-204.6412201,-229.31297303,-226.25953675,1437634355.686871,1
-0.1616211,-1.94067383,1.09545899,-211.93893433,-220.54962159,-0.00763359,1437634355.716600,1
-0.00006104,-0.00006104,-1.95629883,-144.85496521,217.49618531,-0.00763359,1437634355.776061,1
-0.00006104,-0.00006104,-1.76635743,-239.95419312,241.95419312,-97.93893433,1437634355.807046,1
-1.06811524,-0.6394043,1.74414063,-245.58778382,242.79389954,-172.45800782,1437634355.836522,1
-1.35205079,-0.51635743,-1.98828125,239.12977601,239.12977601,-205.64884949,1437634355.896931,1
-1.51806641,-0.78247071,1.98388672,249.3740387,248.71755982,-227.28244019,1437634355.927001,1
-1.51660157,-0.93603516,-1.99487305,248.38168335,248.16793824,-227.78625489,1437634355.986584,1
-1.61279297,-0.93774415,-1.9987793,249.98472596,-244.94656373,-243.08396912,1437634356.016456,1
-1.63330079,-1.0131836,-1.97363282,246.07633973,-247.3740387,248.67175293,1437634356.076679,1
-1.64624024,-1.94018555,-1.9819336,246.74809266,244.82443238,-239.54199219,1437634356.107568,1
-1.61425782,-1.03881836,-1.9741211,244.45800782,249.2671814,-245.46565247,1437634356.166853,1
-1.64160157,-1.07519532,-1.96972657,242.96183777,246.58015442,-239.45037842,1437634356.196494,1
-1.69042969,-1.00585938,-1.99902344,238.53434754,246.79389954,-235.17556763,1437634356.257083,1
-1.66186524,-1.07080079,-1.94311524,-221.06869507,236.61068726,-223.38931275,1437634356.286624,1
-1.70458985,-1.05419922,-1.93115235,199.25190735,216.44274903,-159.09924317,1437634356.347115,1
1.97094727,-1.1303711,-1.76904297,-221.81678772,185.58778382,-0.00763359,1437634356.376489,1
-1.71386719,-1.19384766,-1.99291993,-178.07633973,120.93129731,-0.00763359,1437634356.437404,1
-0.52001954,-0.00006104,-1.99072266,196.18321229,75.54198456,-0.00763359,1437634356.466997,1
-0.71313477,-0.00006104,-1.64892579,-244.71755982,-234.5038147,86.29007721,1437634356.526694,1
1.55908204,-0.03881836,-1.82958985,135.12977601,-220.85496521,-234.5038147,1437634356.556737,1
1.58886719,-1.90063477,-0.78466797,229.58778382,-187.16030884,6.8396945,1437634356.615795,1
-1.75170899,-1.38476563,-1.60498047,178.19847107,-124.21373749,-234.5038147,1437634356.647011,1
-1.7331543,-1.26904297,-1.93188477,77.55725098,-87.09923554,-233.05343628,1437634356.676409,1
-1.65161133,-1.04003907,-1.8100586,75.03816987,-48.48854828,57.29771042,1437634356.736333,1
-0.89672852,-1.87573243,-1.71142579,131.72518921,-73.31298066,-234.2748108,1437634356.767331,1
-1.16748047,-0.56738282,-1.60717774,163.46565247,-129.70993042,143.86259461,1437634356.827003,1
-0.00006104,-1.43896485,1.38623047,230.53434754,-183.72518921,215.54199219,1437634356.856554,1
-0.14428711,1.99511719,1.39404297,-145.83206177,-179.96946717,-170.09159852,1437634356.916352,1
-0.68823243,-1.15698243,-1.72680665,221.41984559,210.15266419,-0.00763359,1437634356.946894,1
-0.02026368,-0.48510743,-1.85107422,-143.31297303,202,-98.41221619,1437634357.006623,1
-1.91088868,-0.10131836,-1.80249024,-161.1450348,235.84733582,-188.83969117,1437634357.036476,1
-1.76391602,-1.76586915,-1.75219727,245.02290345,-248.35115052,-236.80915833,1437634357.098245,1
-1.74267579,-0.7866211,1.9831543,-242.44274903,-218.94656373,-230.30534363,1437634357.127691,1
-1.60351563,-0.9140625,-1.90698243,-234.93130494,249.23664856,-248.870224,1437634357.187012,1
-1.59863282,-0.98583985,-1.9506836,-247.98472596,249.61831666,-241.28244019,1437634357.216561,1
-1.67456055,-0.9831543,-1.98266602,249.11450196,248.30534363,-246.93130494,1437634357.277070,1
-1.97729493,-1.01391602,-1.96923829,-247.78625489,249.41984559,-239.89312745,1437634357.306696,1
-1.67407227,-1.00878907,-1.99462891,-248.42747498,249.96946717,-242.33587647,1437634357.365858,1
-1.67285157,-1.0432129,-1.98925782,248.36640931,-246.99237061,-240.870224,1437634357.396485,1
-1.66113282,-1.02783204,-1.9807129,249.25190735,244.83969117,-236.12213135,1437634357.427336,1
-1.63623047,-1.03710938,-1.96923829,241.58778382,243.22137452,249.69465638,1437634357.486847,1
-1.65014649,-1.02172852,-1.95361329,217.67938233,231.28244019,-216.18321229,1437634357.516562,1
-1.70751954,-1.08203125,-1.93432618,186.47328187,217.19084168,-157.84733582,1437634357.576732,1
1.99316407,-0.96728516,-1.76171875,-206.07633973,180.16793824,-0.00763359,1437634357.608051,1
-1.85595704,-1.15332032,-1.83276368,-211.32824708,135.1450348,-0.00763359,1437634357.666975,1
-0.24291993,-0.1484375,-1.99902344,194.1374054,115.05343628,-0.00763359,1437634357.728521,1
-1.07543946,-0.00006104,-1.72021485,182.04580689,-234.5038147,84.44274903,1437634357.757516,1
1.35009766,-0.87744141,1.82983399,226.47328187,136.36640931,40.51908494,1437634357.787492,1
1.71215821,-1.36743165,-0.92089844,220.41221619,-223.86259461,4.6717558,1437634357.846976,1
-1.84814454,-1.13574219,-1.42749024,162.68702698,-175.34350586,-234.5038147,1437634357.876611,1
-1.80273438,-1.35083008,-1.90917969,37.93893052,-143.02290345,31.83206177,1437634357.936875,1
-1.55273438,-0.8322754,-1.7932129,6.68702269,-101.45037842,44.50381852,1437634357.966683,1
-0.85791016,-0.00006104,-1.98510743,80.32061005,-97.55725098,24.25954247,1437634358.028375,1
-0.27050782,-0.57934571,1.7253418,163.5114441,-123.74045563,100.67175293,1437634358.057809,1
-0.00006104,1.76660157,0.75708008,246.82443238,-165.61831666,-219.03816224,1437634358.117597,1
-0.13500977,-1.79296875,1.19360352,-67.08396912,-181.41984559,-161.46565247,1437634358.146597,1
1.52441407,-0.75341797,1.87963868,199.06869507,221.16030884,-0.00763359,1437634358.205821,1
-0.61376954,-0.73168946,1.6694336,-183.92366028,224.85496521,-90.19847107,1437634358.236342,1
-0.38232422,-0.00006104,-1.95092774,-178.99237061,229.06869507,-109.19084168,1437634358.268310,1
-0.89501954,-0.05541993,-1.99316407,-233.67938233,248.96183777,-229.43511963,1437634358.326692,1
-1.60400391,-0.65942383,1.90869141,221.12977601,243.02290345,229.35877991,1437634358.357166,1
-1.98925782,-1.03833008,-1.9765625,239.52671814,246.68702698,241.12977601,1437634358.416981,1
-1.58203125,-1.23583985,-1.92285157,250.07633973,-244.93130494,248.36640931,1437634358.446719,1
-1.71118165,-1.05493165,-1.95947266,245.0076294,250.09159852,249.05343628,1437634358.506770,1
-1.69458008,-1.0690918,-1.94091797,-249.5114441,249.4045868,-247.12977601,1437634358.536804,1
-1.97973633,-1.10498047,-1.94653321,247.23664856,-246.70228577,-241.17556763,1437634358.597038,1
-1.68652344,-1.06616211,-1.95092774,247.96946717,249.89312745,-243.23664856,1437634358.626970,1
-1.68554688,-1.06347657,-1.95336915,249.45037842,-218.93130494,247.1450348,1437634358.687018,1
-1.65161133,-1.0834961,-1.96191407,238.73281861,248.70228577,-235.89312745,1437634358.716383,1
-1.71923829,-1.06420899,-1.9453125,225.35877991,241.06869507,-248.22900391,1437634358.776951,1
-1.65283204,-1.11376954,-1.92700196,203.60305787,228.38168335,-186.21374512,1437634358.806538,1
-1.99145508,-1.95288086,-1.79541016,209.58778382,186.91603089,-12.2442751,1437634358.865889,1
-1.92382813,-1.93920899,-1.4272461,243.80152894,132.45800782,-0.00763359,1437634358.896284,1
-1.8815918,-0.00006104,-1.88354493,213.61831666,108.10687256,-0.00763359,1437634358.929719,1
-0.73632813,-0.00006104,-1.7421875,-63.74045945,-234.5038147,-105.28244019,1437634359.016860,1
-1.62890625,-0.00006104,-1.59179688,71.29770661,175.0076294,-234.5038147,1437634359.046578,1
1.54956055,-1.63378907,-0.83691407,220.59541321,-249.58778382,-234.5038147,1437634359.077368,1
-1.80957032,-1.2697754,-1.3347168,-249.45037842,-110.65648652,-234.5038147,1437634359.109471,1
-1.63085938,-1.27490235,-1.98657227,150.76335145,-149.32824708,-234.5038147,1437634359.166631,1
-1.875,-1.30444336,-1.03491211,11.86259556,-105.84732819,12.33587742,1437634359.197224,1
-0.53320313,-0.00006104,-1.56811524,156.85496521,-89.11450196,14.48854924,1437634359.257234,1
-0.00006104,-0.00006104,-1.40014649,176.70228577,-168.21374512,19.23664094,1437634359.286632,1
-0.00006104,1.75488282,0.83886719,-248.83969117,-224.2748108,248.93130494,1437634359.346812,1
-0.4494629,-1.99609375,1.24682618,-243.69465638,239.32824708,-193.69465638,1437634359.376752,1
1.46386719,-0.34960938,-1.45751954,212.62596131,232.04580689,-0.00763359,1437634359.437314,1
-1.0222168,-1.88476563,1.47900391,-222.83969117,234.99237061,-66,1437634359.466607,1
-0.84887696,-1.25732422,-1.43872071,242.07633973,232.18321229,-63.17557145,1437634359.526000,1
-1.74389649,-0.84155274,1.75097657,-245.45037842,244.83969117,-202.82443238,1437634359.556380,1
-1.50634766,-1.94458008,-1.63916016,223.69465638,-250.09159852,-211.81678772,1437634359.588377,1
-1.49707032,-1.13574219,-1.91479493,246.15266419,247.31297303,-230.73281861,1437634359.646619,1
-1.65942383,-0.95654297,1.97900391,247.02290345,248.93130494,-243.08396912,1437634359.678750,1
-1.59179688,-1.02368165,-1.96679688,247.75572205,-243.3740387,-249.86259461,1437634359.737751,1
-1.64453125,-1.01831055,-1.97802735,249.11450196,-240.53434754,245.98472596,1437634359.770114,1
-1.67651368,-1.03344727,-1.96118165,245.52671814,248.77862549,-239.72518921,1437634359.826573,1
-1.65478516,-1.03173829,-1.97753907,248.47328187,247.05343628,247.19084168,1437634359.857424,1
-1.66430665,-1.04199219,-1.9963379,245.78625489,-247.52671814,248.74809266,1437634359.916996,1
-1.67456055,-1.04467774,-1.96142579,243.49618531,249.38931275,-241.11450196,1437634359.946722,1
-1.68261719,-1.03857422,-1.97705079,231.05343628,239.29771424,-225.57252503,1437634360.006725,1
-1.69897461,-1.09716797,-1.9338379,204.85496521,233.46565247,-203.08396912,1437634360.036649,1
-1.90722657,-1.13720704,-1.82275391,224.58015442,194.61068726,-22.27480889,1437634360.097304,1
-1.90161133,-0.99438477,-1.44848633,-184.42747498,155.48091126,-0.00763359,1437634360.126680,1
-0.85400391,-0.12573243,-1.64648438,-192.39694214,126.16793824,-0.00763359,1437634360.185940,1
-1.17456055,-0.4453125,-1.8659668,-216.58015442,65.25190735,-0.00763359,1437634360.216742,1
-1.65234375,-0.00006104,-1.29589844,-228.24427796,179.5114441,-234.5038147,1437634360.248334,1
1.86157227,1.41772461,-1.13427735,-225.96946717,233.41984559,71.34351349,1437634360.308954,1
-1.81713868,-1.17333985,-1.27124024,-247.16030884,-102.68701935,-234.5038147,1437634360.338909,1
-1.55541993,-1.42041016,-1.83569336,189.25190735,-120.1374054,-234.5038147,1437634360.397579,1
-1.32495118,-1.66113282,-1.88623047,55.29771042,-101.72518921,-231.2671814,1437634360.428762,1
-0.44140625,-0.36181641,-1.58569336,176.30534363,-240.77862549,38.44274903,1437634360.487428,1
-0.14868165,-0.72778321,1.48266602,139.81678772,-184.83969117,58.29007721,1437634360.518458,1
-0.00006104,-1.49780274,1.57983399,205.7709961,-197.48091126,175.57252503,1437634360.578786,1
-0.52539063,-1.96289063,1.32373047,241.25190735,-183.20610047,-225.09924317,1437634360.610934,1
-1.91259766,-1.64697266,1.75366211,-140.07633973,-186.25953675,186.01527405,1437634360.696527,1
1.15454102,-1.11035157,-1.875,189.81678772,218.09159852,-239.57252503,1437634360.726895,1
-1.5534668,-1.03881836,-1.84448243,-80.54962159,219.49618531,-29.0687027,1437634360.757498,1
1.94238282,-1.71289063,1.52124024,-200.79389954,241.31297303,-233.05343628,1437634360.789206,1
-1.96484375,-1.78686524,-1.79467774,227.89312745,249.25190735,-210.33587647,1437634360.845981,1
-1.90429688,-1.39575196,-1.9885254,-249.67938233,-248.71755982,-195.19084168,1437634360.877628,1
-1.88134766,-1.06274415,-1.9675293,240.90075684,-248.80915833,-217.0076294,1437634360.909726,1
-1.74121094,-1.94799805,-1.96337891,246.06106568,-249.31297303,-238.16793824,1437634360.966732,1
-1.72851563,-1.06933594,-1.96704102,-248.74809266,249.48091126,-234.71755982,1437634360.998705,1
-1.69116211,-1.09716797,-1.9975586,-246.65649415,248.83969117,-242.38168335,1437634361.057044,1
-1.70629883,-1.05297852,-1.97900391,248.42747498,243.55725098,-249.78625489,1437634361.088315,1
-1.67944336,-1.05908204,-1.97998047,250.07633973,245.52671814,-236,1437634361.146705,1
-1.6694336,-1.0444336,-1.98095704,-249.02290345,-219.0076294,-249.3740387,1437634361.178702,1
-1.72827149,-1.01928711,-1.98510743,240.07633973,244.76335145,248.42747498,1437634361.236424,1
-1.71948243,-1.09277344,-1.92895508,209.06869507,235.17556763,-197.86259461,1437634361.268680,1
-1.91967774,-0.97119141,-1.8190918,-237.89312745,212.94656373,-52.38167954,1437634361.326612,1
-1.65332032,-1.12036133,-1.83300782,-175.09924317,173.41984559,-0.00763359,1437634361.358644,1
-0.83496094,-0.18066407,-1.40087891,-181.29771424,135.48091126,-0.00763359,1437634361.419252,1
-1.2631836,-1.95654297,-1.74121094,174.56488038,57.51145173,-0.00763359,1437634361.450455,1
-0.00006104,-0.00006104,-0.2697754,131.48091126,141.67938233,-234.5038147,1437634361.506631,1
1.69628907,-1.53881836,-1.30249024,130.21374512,227.75572205,23.23664094,1437634361.538811,1
-1.40649415,-1.13305665,-1.36157227,227.22137452,-204.12213135,-234.5038147,1437634361.599466,1
-1.84863282,-1.65673829,-1.8190918,151.55725098,-170.07633973,-234.5038147,1437634361.628458,1
-1.56884766,-1.23828125,-1.75683594,55.23664094,-143.35877991,22.39694596,1437634361.685901,1
-0.93920899,-0.00006104,1.86108399,59.31297684,-145.69465638,17.51144982,1437634361.718338,1
0.63623047,-0.99389649,1.30322266,114.83969117,-144.67175293,203.67938233,1437634361.750205,1
-0.00006104,-1.77124024,1.05566407,124.0763321,-183.16030884,113.58778382,1437634361.808570,1
-0.25952149,1.95629883,1.14624024,-195.64884949,-202.56488038,-219.98472596,1437634361.839019,1
-0.00006104,-1.47851563,-1.90820313,-95.6335907,234.33587647,-153.66412354,1437634361.898805,1
-0.52685547,-0.50854493,0.64331055,-194.77862549,218.44274903,-242.80915833,1437634361.929847,1
-0.00006104,-0.00006104,1.4194336,-145.23664856,208.2748108,-228.42747498,1437634361.986738,1
-1.02172852,-0.00006104,1.7163086,222.25953675,244.76335145,196.94656373,1437634362.018431,1
-1.50024415,-0.15893555,-1.89965821,-224.51908875,248.44274903,208.41221619,1437634362.078231,1
-1.44482422,-0.8557129,-1.98901368,-238.85496521,-248.44274903,224.5038147,1437634362.108619,1
-1.56982422,-0.89916993,-1.9975586,-247.3740387,-246.36640931,235.46565247,1437634362.166821,1
-1.63354493,-0.95117188,-1.97436524,249.11450196,246.01527405,245.6335907,1437634362.198442,1
-1.63549805,-1.02832032,-1.95996094,248.07633973,247.96946717,240,1437634362.256916,1
-1.66137696,-1.02148438,-1.97192383,-249.34350586,-246.68702698,248.73281861,1437634362.288562,1
-1.66479493,-1.05639649,-1.96972657,248.6412201,249.61831666,246.04580689,1437634362.346739,1
-1.67089844,-1.04272461,-1.9819336,-249.58778382,248.96183777,-249.22137452,1437634362.378752,1
-1.68798829,-1.02905274,-1.95800782,245.49618531,246.48855591,-244.83969117,1437634362.436741,1
-1.65454102,-1.05688477,-1.94873047,-219.90840149,237.64884949,-237.87786866,1437634362.468932,1
-1.68798829,-1.07006836,-1.94750977,217.08396912,225.86259461,-206.42747498,1437634362.526663,1
-1.8569336,-1.07250977,-1.91699219,226.96183777,227.55725098,-95.09923554,1437634362.560041,1
-1.69482422,-1.02856446,-1.6772461,-216.44274903,192.21374512,-0.00763359,1437634362.616005,1
-1.11254883,-1.31762696,1.82324219,-248.56488038,146.22900391,-0.00763359,1437634362.648613,1
-0.70800782,-1.90893555,-1.78759766,-230.39694214,116.12213898,-0.00763359,1437634362.679028,1
-1.79589844,-0.00006104,1.82421875,-223.64884949,-234.5038147,-0.00763359,1437634362.738547,1
-1.62695313,-1.75390625,-1.45458985,4.12213755,58.41221238,-234.5038147,1437634362.768721,1
1.7644043,-1.91210938,-0.70141602,248.80915833,192.42747498,2.53435112,1437634362.827317,1
-1.70800782,-1.23217774,-1.4194336,199.60305787,-130.5038147,-234.5038147,1437634362.889775,1
-1.83496094,-1.35742188,1.76098633,81.0687027,-132.16793824,35.58778763,1437634362.918552,1
-1.50219727,-0.83178711,-1.98144532,67.31298066,-87.96946717,76.65648652,1437634362.948796,1
-0.6796875,-0.04052735,1.83544922,79.12976838,-152.07633973,42.38167954,1437634363.006728,1
-0.38378907,-0.93554688,1.93701172,187.57252503,-126.32061005,97.1450348,1437634363.038424,1
-0.00006104,-1.40087891,1.27905274,166.54962159,-119.95420075,183.81678772,1437634363.096720,1
-0.3659668,-1.93823243,-1.80566407,-207.67938233,-200.2748108,-232.94656373,1437634363.128477,1
1.35229493,-1.69702149,-1.51025391,-172.2748108,235.98472596,-0.00763359,1437634363.186421,1
-1.3647461,-0.00006104,-1.78564454,-197.75572205,202.36640931,-59.45038224,1437634363.220179,1
-0.93139649,-1.46923829,1.52856446,-159.70993042,247.75572205,-82.15267182,1437634363.276767,1
1.93920899,-0.86303711,1.45288086,-239.32824708,248.83969117,-191.96946717,1437634363.308484,1
-1.5546875,-0.51098633,-1.93774415,226.80915833,-249.87786866,-238.18321229,1437634363.366588,1
-1.97387696,-0.92675782,-1.94213868,-248.30534363,-248.33587647,-231.0076294,1437634363.400602,1
-1.68212891,-0.9453125,-1.95361329,248.51908875,-245.03816224,-245.70993042,1437634363.456780,1
-1.68017579,-1.09936524,-1.94555665,248.91603089,249.61831666,-249.55725098,1437634363.488941,1
-1.68603516,-1.94042969,-1.95336915,-246.39694214,-249.95419312,-242.54962159,1437634363.547052,1
-1.71044922,-1.06567383,-1.94189454,245.58778382,-247.83206177,-238.07633973,1437634363.578545,1
-1.69116211,-1.0690918,-1.94067383,-249.52671814,248.15266419,248.58015442,1437634363.637538,1
-1.68652344,-1.04711915,-1.96264649,248.38168335,-249.95419312,249.29771424,1437634363.668437,1
-1.67504883,-1.04541016,-1.99584961,241.34350586,248.73281861,246.85496521,1437634363.726942,1
-1.64892579,-1.0756836,-1.94873047,227.4045868,241.48091126,-248.77862549,1437634363.758470,1
-1.65942383,-1.0546875,-1.91381836,204.51908875,229.95419312,-196.62596131,1437634363.816809,1
-1.83618165,-1.16845704,-1.82592774,-233.58778382,218.10687256,-72.56488801,1437634363.849619,1
-1.6550293,-0.99536133,-1.84960938,-157.12977601,173.57252503,-0.00763359,1437634363.907059,1
-0.77490235,-0.41699219,-1.64648438,-187.16030884,157.4045868,-0.00763359,1437634363.938978,1
-1.30053711,-1.17285157,-1.70898438,192.38168335,107.60305024,-0.00763359,1437634363.996729,1
-0.11987305,-0.42797852,-0.79882813,128.21374512,-229.12977601,-234.5038147,1437634364.028547,1
-1.97998047,-0.76098633,-1.10498047,114.48854828,233.89312745,4.48854971,1437634364.086692,1
-1.58715821,-1.31323243,-1.53491211,-220.45800782,-248.67175293,16.68702317,1437634364.118608,1
-1.66723633,-1.39208985,-1.8557129,174.88549805,-225.74046326,-234.5038147,1437634364.179093,1
-1.72973633,-1.52441407,-1.91699219,98.15267182,-229.03816224,28.96183205,1437634364.240517,1
-1.39794922,-1.90600586,-1.96069336,29.2824421,-128.25953675,58.97710038,1437634364.268371,1
-0.7475586,-0.00006104,-1.99169922,84.90076447,-104.21373749,41.55725098,1437634364.298966,1
-0.00006104,-1.04248047,1.62084961,171.87786866,-127.23664094,183.48091126,1437634364.355730,1
-0.56079102,1.6369629,0.80957032,208.36640931,-172.71755982,221.2671814,1437634364.388507,1
-0.65014649,-1.78930665,1.28247071,-154.18321229,-199.08396912,-172.5038147,1437634364.419903,1
0.75854493,-1.53295899,0.97070313,219.93893433,-245.1450348,-0.00763359,1437634364.478737,1
-1.40161133,-0.48706055,1.6315918,-205.45037842,219.06869507,-118.38167573,1437634364.508503,1
1.42651368,-1.23632813,1.76708985,-149.64884949,-246.96183777,-136.870224,1437634364.567946,1
-1.81811524,0.97753907,-1.56420899,207.45037842,245.41984559,-204.94656373,1437634364.599013,1
1.9104004,-1.97460938,-1.95385743,-249.98472596,-246.54962159,-189.03816224,1437634364.656885,1
1.99511719,-1.15332032,-1.98095704,-219.38931275,249.81678772,-213.4045868,1437634364.688479,1
-1.73706055,-1.30297852,-1.9609375,-248.61068726,-248.41221619,-228.870224,1437634364.746749,1
-1.78466797,-1.10375977,-1.96557618,249.80152894,-249.80152894,-236.870224,1437634364.779098,1
-1.9807129,-1.1291504,-1.99780274,250.10687256,-248.82443238,-241.32824708,1437634364.836826,1
-1.69580079,-1.06567383,-1.96313477,248.6412201,-247.25190735,-238.70228577,1437634364.869367,1
-1.64916993,-1.06713868,-1.96777344,247.78625489,249.93893433,246.21374512,1437634364.926764,1
-1.65454102,-1.04248047,-1.97509766,242.62596131,249.43511963,-247.55725098,1437634364.958701,1
-1.68554688,-1.08276368,-1.9963379,233.96946717,240.73281861,-228.97709656,1437634365.015702,1
-1.68872071,-1.08032227,-1.92675782,224.42747498,239.75572205,-212.870224,1437634365.048489,1
-1.89965821,-0.89257813,-1.95776368,246.83969117,238.35115052,-130.07633973,1437634365.078853,1
-1.89282227,-1.01123047,-1.97802735,-207.61831666,209.75572205,-36.51908494,1437634365.139003,1
-1.65649415,-1.24365235,-1.96264649,-180.62596131,169.93893433,-0.00763359,1437634365.169030,1
-0.73242188,-0.59570313,1.92114258,-217.45037842,147.57252503,-0.00763359,1437634365.227373,1
-1.04248047,-0.61254883,1.98876954,103.23664094,92.22900391,-32.77862549,1437634365.259097,1
-0.70019532,-0.00006104,-1.56884766,176.10687256,68.03053284,92.41221619,1437634365.316761,1
1.75830079,1.25854493,-1.25170899,114.53434754,166.99237061,22.18320656,1437634365.348493,1
-1.76123047,-1.02563477,-1.47094727,-222.10687256,-209.55725098,-234.5038147,1437634365.406777,1
1.69580079,-1.73681641,-1.79931641,96.10687256,-149.80152894,45.64885331,1437634365.438904,1
-1.41333008,-0.56420899,-1.5131836,60.18320466,-58.70228959,102.36640931,1437634365.496813,1
-0.8034668,-0.00006104,-1.89379883,99.78626252,-27.84732819,12.04580117,1437634365.528497,1
-0.65356446,-0.00006104,-1.94848633,178.21374512,-72.93129731,-229.52671814,1437634365.586897,1
-0.18188477,-1.79785157,1.17480469,155.95419312,-180.45800782,246.53434754,1437634365.619024,1
-0.24169922,-1.96948243,1.70263672,-199.46565247,-206.19847107,248.47328187,1437634365.676787,1
-0.00006104,-1.3400879,-1.57983399,-31.89312935,-233.48091126,-135.46565247,1437634365.708404,1
-0.00006104,-0.01464844,0.95678711,-193.6335907,225.46565247,-142.33587647,1437634365.766767,1
-0.00006104,-0.00006104,1.11547852,-50.9923668,235.75572205,118.22900391,1437634365.799100,1
-0.79345704,-0.00006104,1.78466797,-203.49618531,249.41984559,189.0076294,1437634365.858153,1
-1.38061524,-0.00366211,-1.92382813,-236.71755982,249.87786866,177.66412354,1437634365.888686,1
-1.1928711,-0.92260743,1.93359375,-236.88549805,-249.58778382,212.30534363,1437634365.946864,1
-1.5366211,-0.72729493,1.9963379,-246.82443238,249.03816224,-220.42747498,1437634365.978631,1
-1.54711915,-0.90673829,-1.99707032,249.43511963,-248.90075684,232.15266419,1437634366.038180,1
-1.59594727,-0.97119141,-1.97900391,-249.75572205,-245.81678772,-248.47328187,1437634366.070168,1
-1.6394043,-0.9975586,-1.98730469,-249.52671814,-249.11450196,249.2671814,1437634366.126956,1
-1.64526368,-1.03686524,-1.99804688,244.83969117,-247.28244019,-250.01527405,1437634366.158618,1
-1.65795899,-1.03759766,-1.98095704,249.61831666,247.89312745,248.97709656,1437634366.216971,1
-1.64453125,-1.05200196,-1.96972657,246.88549805,246.59541321,-239.83206177,1437634366.248967,1
-1.67407227,-1.04467774,-1.97802735,245.0076294,243.98472596,-238.58015442,1437634366.306786,1
-1.97949219,-1.03027344,-1.9428711,228.42747498,239.06869507,-244.10687256,1437634366.338618,1
-1.76611329,-1.04345704,-1.84155274,188.19847107,222.48855591,-188.45800782,1437634366.397185,1
1.8334961,-1.90136719,-1.78735352,-248.65649415,194.59541321,-34.56488419,1437634366.429009,1
-1.52929688,-0.95581055,-1.97021485,-234.61068726,130.45800782,-0.00763359,1437634366.486834,1
-0.69775391,-0.8190918,1.88891602,-223.19084168,113.09923554,-0.00763359,1437634366.519108,1
-1.0859375,-0.94677735,-1.81445313,175.41984559,2.35114503,-0.00763359,1437634366.576790,1
-0.00006104,-0.3503418,-1.2019043,204.12213135,202.59541321,103.00763703,1437634366.608373,1
1.61206055,-1.9597168,-1.95214844,230.39694214,-211.80152894,78.59542084,1437634366.666823,1
-1.4975586,-1.13623047,-1.65820313,-220.70228577,-161.25190735,-234.5038147,1437634366.700170,1
-1.83374024,-1.47802735,-1.92773438,126.97709656,-146.30534363,23.86259461,1437634366.756807,1
-1.47973633,-0.82543946,-1.60546875,116.22900391,-99.95420075,26.48855019,1437634366.789069,1
-1.21777344,-0.43139649,1.94702149,-230.1374054,-102.10687256,43.43511582,1437634366.847618,1
-0.4194336,-0.18481446,-1.94750977,243.80152894,-155.81678772,182.74809266,1437634366.878366,1
-0.15454102,-1.50854493,0.6706543,61.77099228,-231.84733582,142.62596131,1437634366.937041,1
-0.07373047,-1.94921875,1.18310547,-193.60305787,102.21373749,167.02290345,1437634366.968747,1
-1.43872071,-0.73828125,-1.98339844,-0.00763359,218.73281861,-162.68702698,1437634367.026682,1
1.97729493,1.45532227,0.20581055,-241.19084168,224.94656373,-30.90076256,1437634367.058736,1
-0.33105469,-0.00006104,-1.07861329,-68.58015442,211.0076294,22.29007721,1437634367.147831,1
-0.0288086,-0.2241211,-1.8737793,-248.25953675,247.06869507,103.54198456,1437634367.176623,1
-1.15063477,-0.34716797,-1.90087891,-235.32824708,-248.77862549,175.6335907,1437634367.206983,1
-1.55444336,-0.70336915,-1.9025879,-247.41984559,-249.96946717,184.2748108,1437634367.238973,1
-1.55566407,-1.05419922,-1.97827149,-242.90075684,-243.87786866,222.33587647,1437634367.296759,1
-1.67944336,-1.00292969,-1.94506836,-249.98472596,-246.96183777,234.21374512,1437634367.327180,1
-1.67480469,-1.04809571,-1.94335938,246.96183777,-246.99237061,239.48091126,1437634367.387090,1
-1.67382813,-1.05053711,-1.94506836,247.06869507,-247.08396912,-245.96946717,1437634367.416836,1
-1.67895508,-1.04858399,-1.95776368,239.45037842,245.23664856,203.87786866,1437634367.506596,1
-1.56616211,-1.27709961,-1.99438477,247.11450196,-246.51908875,-242.71755982,1437634367.536381,1
-1.72143555,-1.08666993,-1.94482422,242.62596131,-219.02290345,246.53434754,1437634367.567058,1
-1.70703125,-1.04101563,-1.94726563,246.96183777,-218.93130494,-249.72518921,1437634367.596906,1
-1.63623047,-1.03857422,-1.93603516,237.69465638,243.61831666,-231.69465638,1437634367.656893,1
-1.6862793,-1.04467774,-1.96557618,239.06869507,240.12213135,-164.42747498,1437634367.686578,1
-1.70776368,-0.9572754,-1.9897461,-221.64884949,-221.02290345,-85.45037842,1437634367.747718,1
-1.81518555,-1.05444336,-1.81323243,191.64884949,180.74809266,-0.00763359,1437634367.776846,1
-1.27856446,-1.28271485,1.79199219,197.05343628,174.22900391,-0.00763359,1437634367.837450,1
-0.61059571,-0.48583985,-1.82910157,66.99236298,128.10687256,-0.00763359,1437634367.867130,1
-0.61791993,-0.28393555,1.75512696,95.95420075,12.15267182,-224.06106568,1437634367.927191,1
-1.8112793,-0.00006104,-0.42626954,232.93130494,35.29771042,22.06106949,1437634367.957707,1
1.56713868,-1.77294922,-1.53759766,-247.55725098,224.97709656,-234.5038147,1437634368.017071,1
-1.5390625,-1.3359375,-1.56079102,211.52671814,-231.93893433,-234.5038147,1437634368.047271,1
1.92529297,-1.70947266,1.9572754,76.15267182,-171.45037842,82.91603089,1437634368.107203,1
-1.2385254,-0.5900879,1.99707032,-229.41984559,-169.38931275,128.62596131,1437634368.136912,1
-0.16992188,-0.00006104,1.83618165,167.23664856,-179.49618531,14.70229054,1437634368.197126,1
-0.00006104,-0.97680665,-1.875,64.67175293,-248.10687256,137.28244019,1437634368.226905,1
-0.61328125,1.66748047,0.94140625,-242.79389954,-223.81678772,-212.32061768,1437634368.286907,1
-0.02514649,-1.60620118,1.51000977,-149.45037842,-249.67938233,-37.00763321,1437634368.316670,1
-1.07397461,-0.00006104,-1.77856446,-216.18321229,205.17556763,-72.54962159,1437634368.377453,1
-1.2878418,-0.22485352,-1.31884766,-120.12213898,221.81678772,-191.80152894,1437634368.406909,1
-0.45581055,-0.75024415,-1.92407227,-212.16793824,-250.06106568,228.32061768,1437634368.467213,1
-1.91259766,-1.54492188,1.73120118,241.02290345,-246.47328187,166.24427796,1437634368.496858,1
-1.89550782,-1.12573243,-1.99829102,-240.99237061,-249.09924317,238.74809266,1437634368.557466,1
-1.65014649,-1.21923829,-1.97241211,247.64884949,-249.87786866,229.3740387,1437634368.587415,1
-1.61181641,-1.93261719,-1.95410157,-247.34350586,-240.70228577,-246.45800782,1437634368.646978,1
-1.6015625,-1.02270508,-1.95532227,248.70228577,-244.42747498,-240.59541321,1437634368.678870,1
-1.63354493,-0.9819336,-1.96997071,-246.65649415,249.0076294,-242.56488038,1437634368.736942,1
-1.6447754,-1.01782227,-1.9729004,247.11450196,-247.35877991,247.93893433,1437634368.766864,1
-1.66113282,-1.02905274,-1.98266602,249.32824708,-242.68702698,247.16030884,1437634368.827147,1
-1.68359375,-1.04931641,-1.97363282,243.1450348,244.870224,-238.48855591,1437634368.858669,1
-1.65161133,-1.05981446,-1.94799805,241.2671814,245.96946717,-237.84733582,1437634368.917264,1
-1.66967774,-1.04370118,-1.96240235,232.07633973,-249.38931275,-236.54962159,1437634368.947104,1
-1.65820313,-1.06567383,-1.94091797,213.89312745,238.19847107,-208.54962159,1437634369.008305,1
-1.8581543,-1.01025391,-1.93554688,238.67175293,216.10687256,-81.87786103,1437634369.037212,1
-1.70751954,-1.03247071,-1.92675782,245.48091126,169.57252503,-0.00763359,1437634369.097039,1
-1.31860352,-1.11059571,1.90039063,-246.2748108,159.41984559,-0.00763359,1437634369.126987,1
-0.68945313,-0.50366211,1.97192383,34.83969498,77.26717377,-0.00763359,1437634369.187946,1
-1.63842774,-0.15698243,1.74023438,-234.5038147,44.1374054,-234.5038147,1437634369.216971,1
-1.40747071,-1.45874024,-1.53222657,202.58015442,47.89313126,65.93893433,1437634369.306343,1
1.31884766,-1.36914063,-1.98461915,152.62596131,232.88549805,61.87786103,1437634369.310269,1
-1.92919922,-1.14501954,-1.57153321,142.91603089,-243.49618531,8.9923668,1437634369.367441,1
1.83398438,-1.22509766,-1.96215821,57.52671814,-181.55725098,65.83206177,1437634369.396972,1
-1.72436524,-0.54248047,-1.93652344,21.16030503,-97.28244019,49.58778763,1437634369.457016,1
-0.98510743,-0.00006104,-1.75952149,160.36640931,-41.34350968,59.77099228,1437634369.486802,1
-1.89672852,-1.59228516,0.5612793,61.35877991,237.4045868,177.45037842,1437634369.547083,1
-0.42358399,-1.42895508,1.11621094,-246.32061768,216.65649415,-249.17556763,1437634369.576936,1
-0.59814454,-1.7385254,-1.77001954,206.71755982,241.61831666,-7.69465638,1437634369.637481,1
-0.65869141,-0.80981446,1.81054688,-198.41221619,202.16793824,-240.51908875,1437634369.668392,1
-0.00006104,-0.00006104,-0.32592774,-214.99237061,230.91603089,-83.83206177,1437634369.726936,1
-0.48339844,-0.4663086,-1.99829102,246.19847107,247.17556763,-176.1374054,1437634369.756989,1
-1.61303711,-0.87231446,-1.99609375,242.5038147,-249.70993042,-246.90075684,1437634369.817094,1
-1.71142579,-0.89086915,-1.94555665,249.17556763,-245.02290345,-248.93130494,1437634369.848616,1
-1.66088868,-1.17431641,-1.95117188,242.91603089,245.19084168,-242.01527405,1437634369.907281,1
-1.68457032,-1.07250977,-1.9428711,-219.23664856,248.32061768,-245.70993042,1437634369.937086,1
-1.71264649,-1.11230469,-1.92675782,248.870224,-249.58778382,-245.03816224,1437634369.999075,1
-1.6940918,-1.10058594,-1.94702149,246.15266419,244.04580689,-241.69465638,1437634370.027159,1
-1.65454102,-0.89648438,1.96582032,-207.32824708,242.74809266,239.19084168,1437634370.086942,1
-1.52197266,-1.57177735,-1.85058594,232.35115052,246.70228577,249.45037842,1437634370.116926,1
-1.5222168,-0.94848633,-1.93017579,240.79389954,-219.23664856,-231.66412354,1437634370.177132,1
-1.63647461,-0.95385743,-1.91503907,235.23664856,246.73281861,-223.31297303,1437634370.207052,1
-1.65722657,-1.07348633,-1.94262696,230.96183777,237.67938233,-205.31297303,1437634370.267907,1
-1.97998047,-1.14550782,-1.96362305,221.17556763,232.29006959,-151.1450348,1437634370.296933,1
-1.70385743,-1.10351563,-1.89892579,220.48855591,207.83206177,-29.03816796,1437634370.358806,1
-1.8034668,-1.09594727,-1.74267579,240.61068726,158.97709656,-0.00763359,1437634370.386999,1
-0.86523438,-0.29370118,1.92431641,-225.98472596,-223.46565247,-0.00763359,1437634370.477138,1
-0.79492188,-0.49584961,-1.78881836,-222.76335145,-234.5038147,-209.67938233,1437634370.506846,1
-0.26879883,-0.00006104,-0.53613282,-211.5114441,102.36640931,-234.5038147,1437634370.537100,1
-1.90966797,-1.51049805,-1.08105469,-169.72518921,212.61068726,-234.5038147,1437634370.566975,1
-1.90771485,-1.53027344,-1.21435547,-223.41984559,-177.93893433,-234.5038147,1437634370.627077,1
-1.66674805,-1.52001954,-1.6916504,139.11450196,-244.24427796,-234.5038147,1437634370.658362,1
-1.49169922,-1.11132813,-1.61791993,40.24427414,-81.84732819,-228.53434754,1437634370.717152,1
-1.89135743,-0.00006104,-1.23730469,185.89312745,-7.67938948,10.41221333,1437634370.746988,1
-0.3112793,-1.1784668,0.71264649,175.32824708,-150.19847107,56.97710038,1437634370.807171,1
-0.00006104,-1.75805665,1.04809571,185.80152894,-223.90840149,236.91603089,1437634370.838499,1
-0.36572266,-1.87304688,1.5612793,-172.07633973,218.45800782,143.78625489,1437634370.897988,1
0.59545899,0.75317383,-1.83935547,-200.18321229,214.1374054,-74.67175293,1437634370.927079,1
-0.00006104,-0.00006104,-0.20483399,-171.35877991,219.66412354,-75.6335907,1437634370.988187,1
-1.00073243,-0.00006104,-1.76245118,-216.94656373,240.22900391,-167.28244019,1437634371.017839,1
-1.95947266,-0.6850586,-1.99169922,-249.69465638,250.09159852,-218.22900391,1437634371.077395,1
-1.53027344,-0.90332032,-1.98168946,246.61068726,-244.54962159,-242.41221619,1437634371.107100,1
-1.64916993,-1.04492188,-1.92919922,246.48855591,-248.99237061,245.70993042,1437634371.167500,1
-1.98022461,-1.07177735,-1.92504883,248.65649415,249.31297303,-234.61068726,1437634371.227249,1
-1.68286133,-1.08984375,-1.93334961,247.46565247,-247.1450348,241.09924317,1437634371.257118,1
-1.66870118,-1.09423829,-1.92797852,247.83206177,-246.76335145,-245.89312745,1437634371.287009,1
-1.66186524,-1.0834961,-1.91918946,244.79389954,247.2671814,245.66412354,1437634371.347799,1
-1.65844727,-1.07348633,-1.92822266,243.28244019,-244.61068726,-219.19084168,1437634371.377696,1
-1.66723633,-1.07543946,-1.93090821,-219.34350586,246.90075684,-232.71755982,1437634371.437046,1
-1.65209961,-1.05908204,-1.91259766,240.870224,244.58015442,-235.70993042,1437634371.496079,1
-1.64770508,-1.06982422,-1.99462891,240.33587647,242.83969117,-236.33587647,1437634371.527101,1
-1.63769532,-1.07641602,-1.89770508,220.68702698,222.41221619,-197.90840149,1437634371.556946,1
-1.68798829,-1.10742188,-1.94458008,191.84733582,198.25953675,-97.92366791,1437634371.616279,1
-1.71948243,-1.01147461,-1.81323243,223.05343628,103.7709961,-0.00763359,1437634371.649073,1
-1.09399415,-0.84985352,-1.49243165,178.62596131,81.35877991,-16.01526642,1437634371.677531,1
-0.84472657,-0.65136719,-1.69970704,67.90839386,33.08396912,-135.60305787,1437634371.766639,1
-1.15991211,-1.26684571,-1.90283204,-241.54199219,108.51908112,76.71755982,1437634371.769177,1
1.14501954,-1.65356446,-1.13891602,-214.16793824,-182.88549805,184.51908875,1437634371.828236,1
-1.88574219,-1.54394532,-1.80249024,229.52671814,-174.6412201,131.08396912,1437634371.857098,1
-1.72241211,-0.93896485,1.67749024,241.29771424,-220.85496521,49.49618149,1437634371.917485,1
-1.48901368,-0.99414063,-1.77856446,184.68702698,-172.38168335,76.73282624,1437634371.947111,1
-1.2019043,-0.68457032,-1.89282227,225.32824708,-191.22137452,59.02289963,1437634372.007277,1
-0.98046875,-0.85375977,0.99023438,135.57252503,209.95419312,60.91603089,1437634372.037003,1
-1.12988282,-0.7788086,1.66528321,145.3740387,160.58015442,113.69465638,1437634372.096992,1
-1.16333008,-1.5588379,1.1538086,128.42747498,80.10687256,160.36640931,1437634372.126859,1
-1.23095704,-1.25244141,1.41455079,219.66412354,63.77099228,225.09924317,1437634372.187116,1
-1.16503907,-1.64208985,1.73901368,-113.52671814,83.72518921,184.70228577,1437634372.216967,1
-1.87060547,-1.42700196,-1.04882813,-247.70993042,177.38931275,-211.3740387,1437634372.277485,1
1.25878907,-1.82666016,-1.79052735,-118.99236298,-245.66412354,-224.15266419,1437634372.308378,1
-1.91918946,-0.76171875,-1.64306641,248.61068726,239.61831666,202.51908875,1437634372.367123,1
-1.83764649,-1.9663086,-1.99780274,-240.56488038,246.07633973,221.08396912,1437634372.397063,1
-1.7475586,-1.90014649,-1.5197754,-243.03816224,-241.90840149,-219.3740387,1437634372.457315,1
-1.7487793,-1.3359375,-1.93408204,244.83969117,247.87786866,243.22137452,1437634372.517499,1
-1.7565918,-1.11303711,-1.98217774,-247.60305787,-246.5038147,247.89312745,1437634372.547617,1
-1.67895508,-1.11669922,-1.93090821,249.16030884,246.48855591,240.90075684,1437634372.577041,1
-1.71337891,-1.07348633,-1.96459961,247.28244019,-219.22137452,239.86259461,1437634372.638704,1
-1.68896485,-1.05493165,-1.95043946,246.67175293,-246.94656373,-249.72518921,1437634372.667596,1
-1.6706543,-1.07983399,-1.96191407,247.0076294,-245.22137452,245.0076294,1437634372.727376,1
-1.70507813,-1.04272461,-1.96142579,245.1450348,-249.74046326,247.03816224,1437634372.757276,1
-1.69824219,-1.06445313,-1.96240235,-249.80152894,-242.39694214,247.92366028,1437634372.817597,1
-1.69580079,-1.07275391,-1.94873047,249.32824708,-243.16030884,-243.22137452,1437634372.847596,1
-1.6838379,-1.08715821,-1.9963379,241.17556763,249.41984559,-240.74809266,1437634372.906475,1
-1.98046875,-1.08374024,-1.94555665,240.80915833,-248.48855591,-243.35877991,1437634372.937484,1
-1.67431641,-1.04296875,-1.94091797,244.18321229,249.67938233,-237.52671814,1437634372.967299,1
-1.62329102,-1.09887696,-1.8359375,216.79389954,231.28244019,-216.06106568,1437634373.028074,1
-1.98266602,-1.02294922,-1.97875977,183.64884949,-220.91603089,-107.86259461,1437634373.057049,1
-1.8635254,-0.73828125,-1.86791993,193.02290345,162.09159852,-10.30534363,1437634373.117347,1
-1.56396485,-1.23144532,1.86547852,110.82442475,141.72518921,-0.00763359,1437634373.146983,1
-1.92700196,-0.64868165,1.96655274,-234.5038147,14.73282433,-207.57252503,1437634373.238823,1
-1.64257813,-0.4140625,-1.99072266,161.6335907,7.98473263,65.49618531,1437634373.269514,1
